0 FILE 6801 - Main Model.ldr
0 Main Model
0 Name: 6801 - Main Model.ldr
0 Author: Willy Tschager [Holly-Wood]
0 !LDRAW_ORG Model
0 !LICENSE Redistributable under CCAL version 2.0 : see CAreadme.txt

0 !THEME Space / Classic Space

1 0 0 0 0 1 0 0 0 1 0 0 0 1 6801 - Rocket Sled.ldr
1 0 0 -24 0 1 0 0 0 1 0 0 0 1 6801 - Minifig.ldr


0 FILE 6801 - Rocket Sled.ldr
0 Rocket Sled
0 Name: 6801 - Rocket Sled.ldr
0 Author: Willy Tschager [Holly-Wood]
0 !LDRAW_ORG Model
0 !LICENSE Redistributable under CCAL version 2.0 : see CAreadme.txt

0 !THEME Space / Classic Space

1 7 0 0 0 0 0 1 0 1 0 -1 0 0 3795.dat
0 STEP
1 0 0 8 50 -1 0 0 0 1 0 0 0 -1 3839a.dat
1 0 0 8 -30 -1 0 0 0 1 0 0 0 -1 3839a.dat
1 0 0 8 -50 1 0 0 0 1 0 0 0 1 3839a.dat
0 STEP
1 7 0 -8 40 1 0 0 0 1 0 0 0 1 3022.dat
1 7 0 -16 -20 1 0 0 0 1 0 0 0 1 3960.dat
0 STEP
1 0 -30 -16 50 0 0 1 0 1 0 -1 0 0 3963.dat
1 0 30 -16 50 0 0 -1 0 1 0 1 0 0 3963.dat
1 7 0 -16 30 1 0 0 0 1 0 0 0 1 3023.dat
0 STEP
1 7 -10 -24 50 -1 0 0 0 1 0 0 0 -1 4085a.dat
1 7 10 -24 50 -1 0 0 0 1 0 0 0 -1 4085a.dat
1 7 0 -24 0 0 0 1 0 1 0 -1 0 0 3709b.dat
0 STEP
1 0 -10 -28 70 -1 0 0 0 0 1 0 1 0 3959.dat
1 0 10 -24 70 0 0 1 0 1 0 -1 0 0 3962a.dat
1 7 0 -48 50 1 0 0 0 1 0 0 0 1 3039p34.dat
1 7 0 -32 -30 1 0 0 0 1 0 0 0 1 3829c01.dat
0 STEP
1 7 -10 -56 50 1 0 0 0 1 0 0 0 1 3957a.dat


0 FILE 6801 - Minifig.ldr
0 Minifig
0 Name: 6801 - Minifig.ldr
0 Author: Willy Tschager [Holly-Wood]
0 !LDRAW_ORG Model
0 !LICENSE Redistributable under CCAL version 2.0 : see CAreadme.txt

0 !THEME Space / Classic Space

1 15 0 -80 8 0.766044 0 -0.642788 0 1 0 0.642788 0 0.766044 3842a.dat
1 14 0 -80 8 0.766044 0 -0.642788 0 1 0 0.642788 0 0.766044 3626bp01.dat
1 15 0 -55 8 1 0 0 0 1 0 0 0 1 3838.dat
1 15 0 -53 8 1 0 0 0 1 0 0 0 1 973p90.dat
1 15 0 -21 8 1 0 0 0 1 0 0 0 1 3815.dat
1 15 -15.552 -44 8 0.985 -0.085 -0.147224 0.17 0.4925 0.853035 0 -0.866025 0.5 3818.dat
1 15 15.552 -44 8 0.985 0.17 0 -0.17 0.985 0 0 0 1 3819.dat
1 15 -20.7492 -44.4484 -13.408 0.580406 -0.812595 -0.0439926 0.792874 0.552458 0.254898 -0.182985 -0.182985 0.96578 3820.dat
1 15 23.8634 -26.4044 -2.321 0.985 0.12019 -0.12019 -0.17 0.696395 -0.696395 0 0.707 0.707 3820.dat
1 15 0 -9 8 1 0 0 0 0 1 0 -1 0 3816.dat
1 15 0 -9 8 1 0 0 0 0 1 0 -1 0 3817.dat




