0 FILE 6827 - Strata Scooter.ldr
0 Strata Scooter
0 Name: 6827 - Strata Scooter.ldr
0 Author: Ignacio Fernandez Galvan [jellby]
0 !LDRAW_ORG Unofficial_Model
0 !LICENSE Redistributable under CCAL version 2.0 : see CAreadme.txt

0 !THEME Classic Space
0 !KEYWORDS rover, buggy, 1987

0 !HISTORY 2012-12-03 [jellby] Initial creation

1 15 0 -55 10 0 0 -1 0 1 0 1 0 0 3001.dat
1 0 0 -31 30 1 0 0 0 1 0 0 0 1 422.dat
1 494 0 -25 30 1 0 0 0 1 0 0 0 1 u9132.dat
1 15 31 -25 30 0 0 -1 0 1 0 1 0 0 20.dat
1 15 -31 -25 30 0 0 1 0 1 0 -1 0 0 20.dat
1 256 31 -25 30 0 0 -1 0 1 0 1 0 0 4084.dat
1 256 -31 -25 30 0 0 1 0 1 0 -1 0 0 4084.dat
1 0 0 -31 -30 1 0 0 0 1 0 0 0 1 422.dat
1 494 0 -25 -30 1 0 0 0 1 0 0 0 1 u9132.dat
1 15 31 -25 -30 0 0 -1 0 1 0 1 0 0 20.dat
1 15 -31 -25 -30 0 0 1 0 1 0 -1 0 0 20.dat
1 256 31 -25 -30 0 0 -1 0 1 0 1 0 0 4084.dat
1 256 -31 -25 -30 0 0 1 0 1 0 -1 0 0 4084.dat
0 STEP
1 15 0 -55 -40 1 0 0 0 1 0 0 0 1 3747a.dat
0 STEP
1 1 0 -55 30 1 0 0 0 1 0 0 0 1 6827 - Wing.ldr
0 STEP
1 15 0 -79 -30 1 0 0 0 1 0 0 0 1 2336p90.dat
0 STEP
1 15 0 -79 20 1 0 0 0 1 0 0 0 1 4598.dat
1 15 28 -69 -70 0 -1 0 0 0 1 -1 0 0 4276b.dat
1 15 49.2046 -69 -125.2046 0.7071 -0.7071 0 0 0 -1 0.7071 0.7071 0 2433.dat
1 15 -28 -69 -70 0 1 0 0 0 -1 -1 0 0 4276b.dat
1 15 -49.4558 -69 -125.4558 0.7071 0.7071 0 0 0 -1 -0.7071 0.7071 0 2433.dat
0 STEP
1 15 0 -87 -20 1 0 0 0 1 0 0 0 1 3023.dat
1 0 0 -95 -20 1 0 0 0 1 0 0 0 1 3023.dat
1 15 0 -127 -20 1 0 0 0 1 0 0 0 1 2432.dat
1 0 0 -99 60 1 0 0 0 0 -1 0 1 0 4032a.dat
1 34 54.8614 -69 -130.8614 0.7071 -0.7071 0 0 0 -1 0.7071 0.7071 0 4740.dat
1 34 -55.1127 -69 -131.1127 0.7071 0.7071 0 0 0 -1 -0.7071 0.7071 0 4740.dat
0 STEP
1 36 0 -99 68 1 0 0 0 0 -1 0 1 0 4589.dat
1 33 0 -79 12 1 0 0 0 1 0 0 0 1 6827 - Minifig.ldr

0 FILE 6827 - Wing.ldr
0 Wing
0 Name: 6827 - Wing.ldr
0 Author: Ignacio Fernandez Galvan [jellby]
0 !LDRAW_ORG Unofficial_Model
0 !LICENSE Redistributable under CCAL version 2.0 : see CAreadme.txt

1 15 0 -8 0 1 0 0 0 1 0 0 0 1 3020.dat
0 STEP
1 15 -40 -16 20 -1 0 0 0 1 0 0 0 -1 2429.dat
1 15 40 -16 20 -1 0 0 0 1 0 0 0 -1 2429.dat
1 15 40 -16 20 -1 0 0 0 1 0 0 0 -1 2430.dat
1 15 -40 -16 20 -1 0 0 0 1 0 0 0 -1 2430.dat
0 STEP
1 15 60 -8 10 1 0 0 0 1 0 0 0 1 4596.dat
1 15 -60 -8 10 1 0 0 0 1 0 0 0 1 4596.dat
0 STEP
1 0 -30 -16 -10 -0.9613 0 0.2756 0 1 0 -0.2756 0 -0.9613 4592.dat
1 0 30 -16 -10 -0.9613 0 -0.2756 0 1 0 0.2756 0 -0.9613 4592.dat
1 0 30 -16 -10 -0.9613 0.1541 -0.2285 0 0.829 0.5592 0.2756 0.5375 -0.7969 4593.dat
1 0 -30 -16 -10 -0.9613 -0.1541 0.2285 0 0.829 0.5592 -0.2756 0.5375 -0.7969 4593.dat
1 36 60 -6 -60 1 0 0 0 0 1 0 -1 0 4073.dat
1 36 -60 -6 -60 1 0 0 0 0 1 0 -1 0 4073.dat

0 FILE 6827 - Minifig.ldr
0 Minifig
0 Name: 6827 - Minifig.ldr
0 Author: Ignacio Fernandez Galvan [jellby]
0 !LDRAW_ORG Unofficial_Model
0 !LICENSE Redistributable under CCAL version 2.0 : see CAreadme.txt

1 1 0 -9 8 1 0 0 0 0 1 0 -1 0 3816.dat
1 1 0 -9 8 1 0 0 0 0 1 0 -1 0 3817.dat
1 1 0 -21 8 1 0 0 0 1 0 0 0 1 3815.dat
1 1 0 -53 8 1 0 0 0 1 0 0 0 1 973p90.dat
1 1 0 -53 8 1 0 0 0 1 0 0 0 1 3838.dat
1 14 0 -78 8 0.866 0 -0.5 0 1 0 0.5 0 0.866 3626ap01.dat
1 1 0 -78 8 0.866 0 -0.5 0 1 0 0.5 0 0.866 3842a.dat
1 1 -15.552 -44 8 0.9855 -0.1699 0 0.1699 0.9855 0 0 0 1 3818.dat
1 1 -23.6906 -26.2233 -1.899 0.9922 -0.0338 0.1201 0.1085 0.709 -0.6968 -0.0616 0.7044 0.7071 3820.dat
1 1 15.552 -44 8 0.9855 0.1699 0 -0.1699 0.9855 0 0 0 1 3819.dat
1 1 23.6906 -26.2233 -1.899 0.9922 0.0338 -0.1201 -0.1085 0.709 -0.6968 0.0616 0.7044 0.7071 3820.dat

0
