0 FILE 6841 - Main Model.ldr
0 Main Model
0 Name: 6841 - Main Model.ldr
0 Author: Willy Tschager [Holly-Wood]
0 !LDRAW_ORG Model
0 !LICENSE Redistributable under CCAL version 2.0 : see CAreadme.txt

1 7 0 0 0 0 0 1 0 1 0 -1 0 0 3034.dat
1 7 0 8 60 -1 0 0 0 1 0 0 0 -1 122c01.dat
1 256 30 14 60 0 0 -1 0 1 0 1 0 0 3641.dat
1 256 -30 14 60 0 0 -1 0 1 0 1 0 0 3641.dat
1 7 0 8 20 -1 0 0 0 1 0 0 0 -1 122c01.dat
1 256 30 14 20 0 0 -1 0 1 0 1 0 0 3641.dat
1 256 -30 14 20 0 0 -1 0 1 0 1 0 0 3641.dat
1 7 0 8 -60 -1 0 0 0 1 0 0 0 -1 122c01.dat
1 256 30 14 -60 0 0 -1 0 1 0 1 0 0 3641.dat
1 256 -30 14 -60 0 0 -1 0 1 0 1 0 0 3641.dat
0 STEP
1 7 0 -16 60 1 0 0 0 1 0 0 0 1 3788.dat
1 7 0 -16 20 1 0 0 0 1 0 0 0 1 3788.dat
1 7 0 -8 -20 1 0 0 0 1 0 0 0 1 3020.dat
1 7 0 -16 -60 1 0 0 0 1 0 0 0 1 3788.dat
0 STEP
1 36 30 -24 70 1 0 0 0 1 0 0 0 1 3024.dat
1 36 -30 -24 70 1 0 0 0 1 0 0 0 1 3024.dat
1 7 30 -24 10 0 0 -1 0 1 0 1 0 0 4085a.dat
1 7 0 -16 -20 0 0 1 0 1 0 -1 0 0 3020.dat
1 36 -10 -16 -70 1 0 0 0 1 0 0 0 1 3024.dat
1 36 10 -16 -70 1 0 0 0 1 0 0 0 1 3024.dat
0 STEP
1 7 30 -40 50 1 0 0 0 1 0 0 0 1 3040b.dat
1 7 -30 -40 50 1 0 0 0 1 0 0 0 1 3040b.dat
1 7 0 -24 -30 1 0 0 0 1 0 0 0 1 3829c01.dat
1 7 0 -40 -70 -1 0 0 0 1 0 0 0 -1 3039p34.dat
1 7 -40 -40 -80 0 0 1 0 1 0 -1 0 0 3831.dat
1 16 -40 -40 -80 0.866025 0 0.5 0 1 0 -0.5 0 0.866025 6841 - Detector Right.ldr
0 STEP
1 7 30 -48 70 -1 0 0 0 1 0 0 0 -1 3963.dat
1 7 -30 -48 70 -1 0 0 0 1 0 0 0 -1 3963.dat
1 7 40 -40 -80 0 0 -1 0 1 0 1 0 0 3830.dat
1 16 40 -40 -80 0.866025 0 -0.5 0 1 0 0.5 0 0.866025 6841 - Detector Left.ldr
0 STEP
1 7 -30 -56 70 1 0 0 0 1 0 0 0 1 3957a.dat
1 7 0 -96 50 1 0 0 0 1 0 0 0 1 4083.dat
1 0 50 -20 10 0 0 1 0 1 0 -1 0 0 3962a.dat
0 STEP
1 16 0 -69 8 1 0 0 0 1 0 0 0 1 6841 - Minifig.ldr

0 FILE 6841 - Detector Right.ldr
0 Detector Right
0 Name: 6841 - Detector Right.ldr
0 Author: Willy Tschager [Holly-Wood]
0 !LDRAW_ORG Model
0 !LICENSE Redistributable under CCAL version 2.0 : see CAreadme.txt

1 7 0 0 0 0 0 1 0 1 0 -1 0 0 3830.dat
0 STEP
1 7 10 24 -60 0 0 1 0 1 0 -1 0 0 3666.dat
0 STEP
1 34 10 16 -110 0 0 1 0 1 0 -1 0 0 3024.dat
1 7 10 32 -110 0 0 1 0 1 0 -1 0 0 3960.dat

0 FILE 6841 - Detector Left.ldr
0 Detector Left
0 Name: 6841 - Detector Left.ldr
0 Author: Willy Tschager [Holly-Wood]
0 !LDRAW_ORG Model
0 !LICENSE Redistributable under CCAL version 2.0 : see CAreadme.txt

1 7 0 0 0 0 0 -1 0 1 0 1 0 0 3831.dat
0 STEP
1 7 -10 24 -60 0 0 1 0 1 0 -1 0 0 3666.dat
0 STEP
1 34 -10 16 -110 0 0 1 0 1 0 -1 0 0 3024.dat
1 7 -10 32 -110 0 0 1 0 1 0 -1 0 0 3960.dat

0 FILE 6841 - Minifig.ldr
0 Minifig
0 Name: 6841 - Minifig.ldr
0 Author: Willy Tschager [Holly-Wood]
0 !LDRAW_ORG Model
0 !LICENSE Redistributable under CCAL version 2.0 : see CAreadme.txt

1 4 0 -27 0 1 0 0 0 1 0 0 0 1 3842a.dat
1 14 0 -27 0 1 0 0 0 1 0 0 0 1 3626bp01.dat
1 4 0 0 0 1 0 0 0 1 0 0 0 1 3838.dat
1 4 0 0 0 1 0 0 0 1 0 0 0 1 973p90.dat
1 4 0 32 0 1 0 0 0 1 0 0 0 1 3815.dat
1 4 -15.552 9 0 0.985 -0.120208 -0.120208 0.17 0.6965 0.6965 0 -0.707107 0.707107 3818.dat
1 4 15.552 9 0 0.985 0.120208 0.120208 -0.17 0.6965 0.6965 0 -0.707107 0.707107 3819.dat
1 4 -21.6886 13.9945 -20.5641 0.985 -0.169974 0 0.17 0.984851 0 0 0 0.999849 3820.dat
1 4 21.6886 13.9945 -20.5641 0.985 0.169974 0 -0.17 0.984851 0 0 0 0.999849 3820.dat
1 4 0 44 0 1 0 0 0 0 1 0 -1 0 3816.dat
1 4 0 44 0 1 0 0 0 0 1 0 -1 0 3817.dat

