0 FILE 6842 - Main Model.ldr
0 Main Model
0 Name: 6842 - Main Model.ldr
0 Author: Willy Tschager [Holly-Wood]
0 !LDRAW_ORG Model
0 !LICENSE Redistributable under CCAL version 2.0 : see CAreadme.txt

0 !THEME Space / Classic Space

1 0 0 0 0 1 0 0 0 1 0 0 0 1 6842 - Inspection Spacecraft.ldr
1 0 0 -16 20 1 0 0 0 1 0 0 0 1 6842 - Minifig.ldr
0
0 FILE 6842 - Inspection Spacecraft.ldr
0 Inspection Spacecraft
0 Name: 6842 - Inspection Spacecraft.ldr
0 Author: Willy Tschager [Holly-Wood]
0 !LDRAW_ORG Model
0 !LICENSE Redistributable under CCAL version 2.0 : see CAreadme.txt

0 !THEME Space / Classic Space

1 7 0 0 40 0 0 1 0 1 0 -1 0 0 3832.dat
1 7 -20 8 140 1 0 0 0 1 0 0 0 1 4229.dat
1 7 20 8 140 1 0 0 0 1 0 0 0 1 4229.dat
1 7 -20 8 -40 1 0 0 0 1 0 0 0 1 4229.dat
1 7 20 8 -40 1 0 0 0 1 0 0 0 1 4229.dat
0 STEP
1 7 0 0 150 1 0 0 0 1 0 0 0 1 3710.dat
1 7 -30 0 130 1 0 0 0 1 0 0 0 1 3024.dat
1 7 30 0 130 1 0 0 0 1 0 0 0 1 3024.dat
1 7 -30 0 -40 0 0 1 0 1 0 -1 0 0 3023.dat
1 7 30 0 -40 0 0 1 0 1 0 -1 0 0 3023.dat
0 STEP
1 0 -10 -8 20 0 0 1 0 1 0 -1 0 0 4175.dat
1 0 10 -8 20 0 0 -1 0 1 0 1 0 0 4175.dat
1 7 -40 -8 -40 1 0 0 0 1 0 0 0 1 3935.dat
0 STEP
1 7 -40 -8 120 1 0 0 0 1 0 0 0 1 3934.dat
1 7 40 -8 120 1 0 0 0 1 0 0 0 1 3933.dat
1 7 40 -8 -40 1 0 0 0 1 0 0 0 1 3936.dat
1 0 0 0 -70 1 0 0 0 1 0 0 0 1 3839b.dat
0 STEP
1 15 0 -16 120 0 0 1 0 1 0 -1 0 0 3020.dat
1 15 0 -16 0 0 0 1 0 1 0 -1 0 0 3034.dat
0 STEP
1 15 -50 -32 190 1 0 0 0 1 0 0 0 1 3040b.dat
1 15 50 -32 190 1 0 0 0 1 0 0 0 1 3040b.dat
1 15 -10 -40 140 0 0 1 0 1 0 -1 0 0 3004.dat
1 15 10 -40 140 0 0 1 0 1 0 -1 0 0 3004.dat
1 15 0 -24 110 1 0 0 0 1 0 0 0 1 3023.dat
0 STEP
1 15 0 -64 150 -1 0 0 0 1 0 0 0 -1 3004.dat
1 0 -30 -32 110 0 0 1 0 1 0 -1 0 0 3963.dat
1 0 30 -32 110 0 0 -1 0 1 0 1 0 0 3963.dat
0 STEP
1 36 -30 -40 110 1 0 0 0 1 0 0 0 1 3024.dat
1 15 0 -40 110 1 0 0 0 1 0 0 0 1 3023.dat
1 36 30 -40 110 1 0 0 0 1 0 0 0 1 3024.dat
1 15 0 -40 90 1 0 0 0 1 0 0 0 1 3298.dat
1 15 0 -24 -10 1 0 0 0 1 0 0 0 1 3829c01.dat
0 STEP
1 15 0 -64 130 1 0 0 0 1 0 0 0 1 3298.dat
1 15 0 -40 -30 1 0 0 0 1 0 0 0 1 3298p90.dat
0 STEP
1 15 0 -44 160 -1 0 0 0 0 1 0 1 0 3956.dat
0 STEP
1 15 -50 -40 190 0 0 1 0 1 0 -1 0 0 4081a.dat
1 0 -70 -38 200 1 0 0 0 0 -1 0 1 0 3957a.dat
1 0 0 -44 168 1 0 0 0 0 -1 0 1 0 3943b.dat
1 15 50 -40 190 0 0 -1 0 1 0 1 0 0 4081a.dat
1 0 70 -38 200 1 0 0 0 0 -1 0 1 0 3957a.dat
1 0 0 -80 140 1 0 0 0 1 0 0 0 1 3957a.dat
0
0 FILE 6842 - Minifig.ldr
0 Minifig
0 Name: 6842 - Minifig.ldr
0 Author: Willy Tschager [Holly-Wood]
0 !LDRAW_ORG Model
0 !LICENSE Redistributable under CCAL version 2.0 : see CAreadme.txt

0 !THEME Space / Classic Space

1 4 0 -80 8 0.939693 0 0.34202 0 1 0 -0.34202 0 0.939693 3842a.dat
1 14 0 -80 8 0.939693 0 0.34202 0 1 0 -0.34202 0 0.939693 3626bp01.dat
1 4 0 -55 8 1 0 0 0 1 0 0 0 1 3838.dat
1 4 0 -53 8 1 0 0 0 1 0 0 0 1 973p90.dat
1 4 0 -21 8 1 0 0 0 1 0 0 0 1 3815.dat
1 4 -15.552 -44 8 0.985 -0.157621 -0.0636831 0.17 0.913276 0.368987 0 -0.374607 0.927184 3818.dat
1 4 15.552 -44 8 0.985 0.147224 0.085 -0.166876 0.741957 0.648697 0.0324375 -0.65358 0.756141 3819.dat
1 4 -22.9739 -31.5583 -8.5975 0.985 -0.156462 0.0664143 0.17 0.90656 -0.384812 0 0.390672 0.920366 3820.dat
1 4 22.558 -37.643 -11.898 0.998264 0.0254993 -0.0439926 -0.0284186 0.99685 -0.0659359 0.0422133 0.0672903 0.996673 3820.dat
1 4 0 -9 8 1 0 0 0 0 1 0 -1 0 3816.dat
1 4 0 -9 8 1 0 0 0 0 1 0 -1 0 3817.dat
