0 FILE 6870 - Main Model.ldr
0 Main Model
0 Name: 6870 - Main Model.ldr
0 Author: Willy Tschager [Holly-Wood]
0 !LDRAW_ORG Model
0 !LICENSE Redistributable under CCAL version 2.0 : see CAreadme.txt

0 !THEME Space / Classic Space

1 0 0 0 0 0.819152 0 0.573576 0 1 0 -0.573576 0 0.819152 6870 - Traktor.ldr
1 0 0 0 0 1 0 0 0 1 0 0 0 1 6870 - Trailer.ldr
1 0 0 -6 190 1 0 0 0 0.965926 0.258819 0 -0.258819 0.965926 6870 - Trailer - Launch Ramp.ldr
1 0 0 -59.51 152.574 1 0 0 0 0.965926 0.258819 0 -0.258819 0.965926 6870 - Spacecraft.ldr
1 0 0 -50.123 191.47 1 0 0 0 0.965926 0.258819 0 -0.258819 0.965926 6870 - Minifig.ldr

0 FILE 6870 - Traktor.ldr
0 Traktor
0 Name: 6870 - Traktor.ldr
0 Author: Willy Tschager [Holly-Wood]
0 !LDRAW_ORG Model
0 !LICENSE Redistributable under CCAL version 2.0 : see CAreadme.txt

0 !THEME Space / Classic Space

1 7 0 0 -60 -1 0 0 0 1 0 0 0 -1 3640.dat
0 STEP
1 7 0 8 -60 1 0 0 0 1 0 0 0 1 122c01.dat
1 256 -30 14 -60 0 0 1 0 1 0 -1 0 0 4084.dat
1 256 30 14 -60 0 0 -1 0 1 0 1 0 0 4084.dat
0 ROTSTEP 0 0 180 REL
1 7 0 -8 -60 0 0 1 0 1 0 -1 0 0 3020.dat
0 ROTSTEP END
1 7 0 -16 -60 0 0 1 0 1 0 -1 0 0 3020.dat
0 STEP
1 7 0 -24 -60 0 0 1 0 1 0 -1 0 0 3031.dat
1 7 0 -32 -30 -1 0 0 0 1 0 0 0 -1 3023.dat
0 STEP
1 7 0 -40 -30 -1 0 0 0 1 0 0 0 -1 3023.dat
1 7 0 -32 -90 1 0 0 0 1 0 0 0 1 4175.dat
1 7 -30 -32 -90 0 0 1 0 1 0 -1 0 0 4081a.dat
1 7 30 -32 -90 0 0 -1 0 1 0 1 0 0 4081a.dat
1 36 -50 -30 -100 0 0 -1 -1 0 0 0 1 0 3024.dat
1 36 50 -30 -100 0 0 -1 -1 0 0 0 1 0 3024.dat
0 STEP
1 7 0 -40 -90 1 0 0 0 1 0 0 0 1 3829c01.dat
1 7 -30 -48 -30 0 0 1 0 1 0 -1 0 0 3963.dat
1 7 30 -48 -30 0 0 -1 0 1 0 1 0 0 3963.dat
1 7 -30 -56 -30 0 0 -1 0 1 0 1 0 0 3957a.dat

0 FILE 6870 - Trailer.ldr
0 Trailer
0 Name: 6870 - Trailer.ldr
0 Author: Willy Tschager [Holly-Wood]
0 !LDRAW_ORG Model
0 !LICENSE Redistributable under CCAL version 2.0 : see CAreadme.txt

0 !THEME Space / Classic Space

1 7 0 -6 190 1 0 0 0 1 0 0 0 1 3324d.dat
1 4 0 -6 190 1 0 0 0 1 0 0 0 1 313.dat
0 STEP
1 7 0 0 140 0 0 1 0 1 0 -1 0 0 3020.dat
1 7 0 0 60 1 0 0 0 1 0 0 0 1 3639.dat
0 ROTSTEP 0 0 180 REL
1 7 0 8 160 1 0 0 0 1 0 0 0 1 122c01.dat
1 256 -30 14 160 0 0 1 0 1 0 -1 0 0 4084.dat
1 256 30 14 160 0 0 -1 0 1 0 1 0 0 4084.dat
1 7 0 8 100 1 0 0 0 1 0 0 0 1 122c01.dat
1 256 -30 14 100 0 0 1 0 1 0 -1 0 0 4084.dat
1 256 30 14 100 0 0 -1 0 1 0 1 0 0 4084.dat
0 ROTSTEP END
1 7 0 -16 80 0 0 1 0 1 0 -1 0 0 3068b.dat

0 FILE 6870 - Trailer - Launch Ramp.ldr
0 Trailer - Launch Ramp
0 Name: 6870 - Trailer - Launch Ramp.ldr
0 Author: Willy Tschager [Holly-Wood]
0 !LDRAW_ORG Model
0 !LICENSE Redistributable under CCAL version 2.0 : see CAreadme.txt

0 !THEME Space / Classic Space

1 7 0 0 0 1 0 0 0 1 0 0 0 1 314e.dat
0 STEP
1 7 0 -18 -50 0 0 1 0 1 0 -1 0 0 3034.dat
0 STEP
1 7 0 -26 10 -1 0 0 0 1 0 0 0 -1 3956.dat
1 7 0 -26 -30 0 0 1 0 1 0 -1 0 0 3068b.dat
1 7 0 -26 -70 0 0 1 0 1 0 -1 0 0 3068b.dat
1 7 0 -26 -110 0 0 1 0 1 0 -1 0 0 3068b.dat

0 FILE 6870 - Spacecraft.ldr
0 Spacecraft
0 Name: 6870 - Spacecraft.ldr
0 Author: Willy Tschager [Holly-Wood]
0 !LDRAW_ORG Model
0 !LICENSE Redistributable under CCAL version 2.0 : see CAreadme.txt

0 !THEME Space / Classic Space

1 15 40 0 0 1 0 0 0 1 0 0 0 1 3933.dat
1 15 -40 0 0 1 0 0 0 1 0 0 0 1 3934.dat
0 STEP
1 15 0 8 -20 0 0 1 0 1 0 -1 0 0 3034.dat
0 ROTSTEP 0 0 180 ABS
1 15 -30 8 50 0 0 1 0 1 0 -1 0 0 3622.dat
1 15 30 8 50 0 0 1 0 1 0 -1 0 0 3622.dat
1 15 -30 8 10 1 0 0 0 1 0 0 0 1 3665.dat
1 15 30 8 10 1 0 0 0 1 0 0 0 1 3665.dat
0 STEP
1 15 -50 -8 70 0 0 1 0 1 0 -1 0 0 4081a.dat
1 0 -70 -6 80 0 0 1 1 0 0 0 1 0 3957a.dat
1 15 50 -8 70 0 0 -1 0 1 0 1 0 0 4081a.dat
1 0 70 -6 80 0 0 1 1 0 0 0 1 0 3957a.dat
1 15 -10 0 -90 0 0 1 0 1 0 -1 0 0 4081a.dat
1 34 -30 2 -100 0 0 1 1 0 0 0 1 0 3024.dat
1 15 10 0 -90 0 0 -1 0 1 0 1 0 0 4081a.dat
1 34 30 2 -100 0 0 1 1 0 0 0 1 0 3024.dat
0 ROTSTEP END
1 15 -50 -24 50 1 0 0 0 1 0 0 0 1 3040b.dat
1 15 50 -24 50 1 0 0 0 1 0 0 0 1 3040b.dat
1 15 0 -8 10 1 0 0 0 1 0 0 0 1 3829c01.dat
0 STEP
1 0 -50 -32 70 -1 0 0 0 1 0 0 0 -1 3963.dat
1 0 50 -32 70 -1 0 0 0 1 0 0 0 -1 3963.dat
1 7 -50 -40 50 -1 0 0 0 1 0 0 0 -1 3957a.dat
1 15 0 -24 -10 1 0 0 0 1 0 0 0 1 3298p90.dat

0 FILE 6870 - Minifig.ldr
0 Minifig
0 Name: 6870 - Minifig.ldr
0 Author: Willy Tschager [Holly-Wood]
0 !LDRAW_ORG Model
0 !LICENSE Redistributable under CCAL version 2.0 : see CAreadme.txt

0 !THEME Space / Classic Space

1 4 0 -80 8 0.891007 0 -0.45399 0 1 0 0.45399 0 0.891007 3842a.dat
1 14 0 -80 8 0.891007 0 -0.45399 0 1 0 0.45399 0 0.891007 3626bp01.dat
1 4 0 -53 8 1 0 0 0 1 0 0 0 1 3838.dat
1 4 0 -53 8 1 0 0 0 1 0 0 0 1 973p90.dat
1 4 0 -21 8 1 0 0 0 1 0 0 0 1 3815.dat
1 4 -15.552 -44 8 0.985 -0.120208 -0.120208 0.17 0.6965 0.6965 0 -0.707107 0.707107 3818.dat
1 4 15.552 -44 8 0.985 0.120208 0.120208 -0.154072 0.93008 0.332407 -0.0718451 -0.346503 0.93521 3819.dat
1 4 -21.6886 -39.0055 -12.5641 0.985 -0.169974 0 0.17 0.984851 0 0 0 0.999849 3820.dat
1 4 21.689 -30.782 -8.527 0.985 0.169974 0 -0.154072 0.892578 -0.422554 -0.0718451 0.416216 0.906171 3820.dat
1 4 0 -9 8 1 0 0 0 0 1 0 -1 0 3816.dat
1 4 0 -9 8 1 0 0 0 0 1 0 -1 0 3817.dat

