0 FILE 886 - Main model.ldr
0 Main Model
0 Name: 886 - Main model.ldr
0 Author: Willy Tschager [Holly-Wood]
0 !LDRAW_ORG Unofficial_Model
0 !LICENSE Redistributable under CCAL version 2.0 : see CAreadme.txt

0 !THEME Space / Classic Space
0 !KEYWORDS moon, astronaut, 1979
0 !HISTORY 2012-03-01 [Holly-Wood] Creation

1 16 0 0 0 1 0 0 0 1 0 0 0 1 886 - Buggy.ldr
1 16 0 -32 0 1 0 0 0 1 0 0 0 1 886 - Minifig.ldr


0 FILE 886 - Buggy.ldr
0 Buggy
0 Name: 886 - Buggy.ldr
0 Author: Willy Tschager [Holly-Wood]
0 !LDRAW_ORG Unofficial_Model
0 !LICENSE Redistributable under CCAL version 2.0 : see CAreadme.txt

0 !THEME Space / Classic Space
0 !KEYWORDS moon, astronaut, 1979
0 !HISTORY 2012-03-01 [Holly-Wood] Creation

1 7 0 -32 0 0 0 1 0 1 0 -1 0 0 3795.dat
1 7 0 -24 -40 1 0 0 0 1 0 0 0 1 122c01.dat
1 7 0 -24 0 1 0 0 0 1 0 0 0 1 3020.dat
1 7 0 -24 40 1 0 0 0 1 0 0 0 1 122c01.dat
1 0 -30 -18 -40 0 0 1 0 1 0 -1 0 0 3641.dat
1 0 -30 -18 40 0 0 1 0 1 0 -1 0 0 3641.dat
1 0 30 -18 40 0 0 1 0 1 0 -1 0 0 3641.dat
1 0 30 -18 -40 0 0 1 0 1 0 -1 0 0 3641.dat
1 7 0 -40 -50 1 0 0 0 1 0 0 0 1 3794a.dat
1 7 0 -40 -50 -1 0 0 0 1 0 0 0 -1 3838.dat
1 7 0 -56 50 1 0 0 0 1 0 0 0 1 3039.dat
1 7 0 -40 -30 1 0 0 0 1 0 0 0 1 3829c01.dat
1 7 -10 -64 50 1 0 0 0 1 0 0 0 1 3957a.dat

0 FILE 886 - Minifig.ldr
0 Minifig
0 Name: 886 - Minifig.ldr
0 Author: Willy Tschager [Holly-Wood]
0 !LDRAW_ORG Unofficial_Model
0 !LICENSE Redistributable under CCAL version 2.0 : see CAreadme.txt

0 !THEME Space / Classic Space
0 !KEYWORDS moon, astronaut, 1979
0 !HISTORY 2012-03-01 [Holly-Wood] Creation

1 15 0 -80 10 0.965926 0 -0.258819 0 1 0 0.258819 0 0.965926 3842a.dat
1 14 0 -80 10 0.965926 0 -0.258819 0 1 0 0.258819 0 0.965926 3626bp01.dat
1 15 0 -53 10 1 0 0 0 1 0 0 0 1 3838.dat
1 15 0 -53 10 1 0 0 0 1 0 0 0 1 973p90.dat
1 15 0 -21 10 1 0 0 0 1 0 0 0 1 3815.dat
1 15 -15.552 -44 10 0.985 -0.17 0 0.17 0.985 0 0 0 1 3818.dat
1 15 15.552 -44 10 0.985 0.12433 0.11594 -0.17 0.720383 0.671768 0 -0.681998 0.731354 3819.dat
1 15 -23.8634 -26.4044 -0.321 0.985 -0.12019 0.12019 0.17 0.696395 -0.696395 0 0.707 0.707 3820.dat
1 15 21.8099 -38.3022 -10.3433 0.985 0.169871 -0.00593202 -0.17 0.984251 -0.0343708 0 0.0348942 0.99924 3820.dat
1 7 19.74 -50.296 -23.92 0.985 0.163339 -0.0468628 -0.169896 0.936209 -0.304895 -0.00593291 0.308525 0.950757 3959.dat
1 34 20.74 -43.296 -46.92 0.998376 0.0477153 -0.00947952 -0.006 0.309 0.951 0.0486915 -0.948888 0.308454 3062b.dat
1 15 0 -9 10 1 0 0 0 0.0174524 0.999848 0 -0.999848 0.0174524 3816.dat
1 15 0 -9 10 1 0 0 0 0.0174524 0.999848 0 -0.999848 0.0174524 3817.dat




