0 FILE 891 - Main Model.ldr
0 Main Model
0 Name: 891 - Main Model.ldr
0 Author: Willy Tschager [Holly-Wood]
0 !LDRAW_ORG Model
0 !LICENSE Redistributable under CCAL version 2.0 : see CAreadme.txt

0 !THEME Space / Classic Space
0 !KEYWORDS moon, astronaut, 1979
0 !HISTORY 2012-03-01 [Holly-Wood] Creation

1 16 0 0 0 1 0 0 0 1 0 0 0 1 891 - Scooter.ldr
1 16 40 0 0 1 0 0 0 1 0 0 0 1 891 - Minifig.ldr


0 FILE 891 - Scooter.ldr
0 Scooter
0 Name: 891 - Scooter.ldr
0 Author: Willy Tschager [Holly-Wood]
0 !LDRAW_ORG Model
0 !LICENSE Redistributable under CCAL version 2.0 : see CAreadme.txt

0 !THEME Space / Classic Space
0 !KEYWORDS moon, astronaut, 1979
0 !HISTORY 2012-03-01 [Holly-Wood] Creation

1 7 0 0 0 1 0 0 0 1 0 0 0 1 3035.dat
1 7 -40 -8 -60 0 0 1 0 1 0 -1 0 0 3936.dat
1 7 40 -8 -60 0 0 -1 0 1 0 1 0 0 3935.dat
1 7 0 -8 60 0 0 1 0 1 0 -1 0 0 3020.dat
0 STEP
1 7 0 0 -100 0 0 1 0 1 0 -1 0 0 3795.dat
0 STEP
1 7 0 -8 -110 0 0 1 0 1 0 -1 0 0 3021.dat
1 7 -100 -8 0 0 0 1 0 1 0 -1 0 0 3936.dat
1 7 100 -8 0 0 0 -1 0 1 0 1 0 0 3935.dat
1 7 -40 -8 30 1 0 0 0 1 0 0 0 1 3023.dat
1 7 40 -8 30 1 0 0 0 1 0 0 0 1 3023.dat
0 STEP
1 7 0 8 -20 0 0 1 0 1 0 -1 0 0 3020.dat
1 7 10 8 -80 0 0 1 0 1 0 -1 0 0 3475b.dat
1 7 -10 8 -80 0 0 -1 0 1 0 1 0 0 3475b.dat
0 ROTSTEP 0 0 180 REL
1 7 0 16 -40 0 0 1 0 1 0 -1 0 0 3795.dat
0 STEP
1 7 0 -8 -150 1 0 0 0 1 0 0 0 1 3839a.dat
1 7 70 -16 -10 0 0 1 0 1 0 -1 0 0 3623.dat
1 7 -70 -16 -10 0 0 1 0 1 0 -1 0 0 3623.dat
1 7 0 -16 30 1 0 0 0 1 0 0 0 1 3460.dat
1 7 0 -32 -50 -1 0 0 0 1 0 0 0 -1 3039p34.dat
0 ROTSTEP END
1 7 0 -32 -70 1 0 0 0 1 0 0 0 1 3298p90.dat
1 7 0 -40 -50 1 0 0 0 1 0 0 0 1 3794a.dat
1 7 70 -24 30 1 0 0 0 1 0 0 0 1 3024.dat
1 7 -70 -24 30 1 0 0 0 1 0 0 0 1 3024.dat
0 STEP
1 7 -40 -16 -30 1 0 0 0 1 0 0 0 1 3829c01.dat
1 7 40 -16 -30 1 0 0 0 1 0 0 0 1 3829c01.dat
1 7 0 -56 100 1 0 0 0 1 0 0 0 1 3479.dat
0 STEP
1 16 0 -40 -50 0.707107 0 0.707107 0 1 0 -0.707107 0 0.707107 891 - Scooter - Laser.ldr
1 7 0 -64 100 1 0 0 0 1 0 0 0 1 3795.dat
1 7 -90 -32 30 0 0 1 0 1 0 -1 0 0 3963.dat
1 7 90 -32 30 0 0 -1 0 1 0 1 0 0 3963.dat
0 STEP
1 36 50 -72 110 1 0 0 0 1 0 0 0 1 3024.dat
1 36 -50 -72 110 1 0 0 0 1 0 0 0 1 3024.dat
1 7 -50 -24 30 1 0 0 0 1 0 0 0 1 3957a.dat

0 FILE 891 - Scooter - Laser.ldr
0 Scooter - Laser
0 Name: 891 - Scooter - Laser.ldr
0 Author: Willy Tschager [Holly-Wood]
0 !LDRAW_ORG Model
0 !LICENSE Redistributable under CCAL version 2.0 : see CAreadme.txt

0 !THEME Space / Classic Space

1 7 0 -16 0 1 0 0 0 1 0 0 0 1 3959.dat
1 34 0 -16 -24 1 0 0 0 0 1 0 -1 0 3062b.dat


0 FILE 891 - Minifig.ldr
0 Minifig
0 Name: 891 - Minifig.ldr
0 Author: Willy Tschager [Holly-Wood]
0 !LDRAW_ORG Model
0 !LICENSE Redistributable under CCAL version 2.0 : see CAreadme.txt

0 !THEME Space / Classic Space
0 !KEYWORDS moon, astronaut, 1979
0 !HISTORY 2012-03-01 [Holly-Wood] Creation

1 15 0 -80 8 1 0 0 0 1 0 0 0 1 3842a.dat
1 14 0 -80 8 1 0 0 0 1 0 0 0 1 3626bp01.dat
1 15 0 -53 8 1 0 0 0 1 0 0 0 1 3838.dat
1 15 0 -53 8 1 0 0 0 1 0 0 0 1 973p90.dat
1 15 0 -21 8 1 0 0 0 1 0 0 0 1 3815.dat
1 15 -15.552 -44 8 0.985 -0.120208 -0.120208 0.17 0.6965 0.6965 0 -0.707107 0.707107 3818.dat
1 15 15.552 -44 8 0.985 0.126335 0.113752 -0.17 0.731998 0.659094 0 -0.669131 0.743145 3819.dat
1 15 -21.6886 -39.0055 -12.5641 0.985 -0.169974 0 0.17 0.984851 0 0 0 0.999849 3820.dat
1 15 21.8701 -37.9535 -12.2236 0.985 0.169741 -0.00889577 -0.17 0.983502 -0.0515431 0 0.0523281 0.998479 3820.dat
1 15 0 -9 8 1 0 0 0 0 1 0 -1 0 3816.dat
1 15 0 -9 8 1 0 0 0 0 1 0 -1 0 3817.dat




