0 FILE 10185 - Main Model.ldr
0 Main Model
0 Name: 10185 - Main Model.ldr
0 Author: Max Martin Richter [MMR1988]
0 !LDRAW_ORG Model
0 !LICENSE Redistributable under CCAL version 2.0 : see CAreadme.txt

0 !HISTORY 2012-06-18 [Holly-Wood] Made OMR compliant

1 0 0 0 0 1 0 0 0 1 0 0 0 1 10185 - Ground Floor.ldr
1 0 0 -256 80 1 0 0 0 1 0 0 0 1 10185 - First Floor.ldr
1 0 0 -472 80 1 0 0 0 1 0 0 0 1 10185 - Second Floor.ldr
1 71 -120 -648 220 1 0 0 0 1 0 0 0 1 10185 - Roof.ldr
1 71 265 -64 -290 -0.707107 0 -0.707107 0 1 0 0.707107 0 -0.707107 10185 - Minifig 1.ldr
1 71 232 -46 121 0.71934 0 -0.694658 0 1 0 0.694658 0 0.71934 10185 - Ground Floor - Minifig 2 with Baby Buggy.ldr
1 71 260 -80 -5 0.707107 0 -0.707107 0 1 0 0.707107 0 0.707107 10185 - Minifig 3.ldr
1 71 266.985 -80 -94.652 -0.573576 0 -0.819152 0 1 0 0.819152 0 -0.573576 10185 - Minifig 4.ldr


0 FILE 10185 - Minifig 1.ldr
0 Minifig 1
0 Name: 10185 - Minifig 1.ldr
0 Author: Max Martin Richter [MMR1988]
0 !LDRAW_ORG Model
0 !LICENSE Redistributable under CCAL version 2.0 : see CAreadme.txt

0 !HISTORY 2012-06-18 [Holly-Wood] Made OMR compliant

1 4 0 -27 0 1 0 0 0 1 0 0 0 1 4485.dat
1 14 0 -27 0 1 0 0 0 1 0 0 0 1 3626bp01.dat
1 4 0 0 0 1 0 0 0 1 0 0 0 1 30133.dat
1 19 0 0 0 1 0 0 0 1 0 0 0 1 973.dat
1 70 0 32 0 1 0 0 0 1 0 0 0 1 41879.dat
1 19 -15.552 9 0 0.985 -0.17 0 0.17 0.985 0 0 0 1 3818.dat
1 14 -23.8634 26.5956 -10.321 0.985 -0.12019 0.12019 0.17 0.696395 -0.696395 0 0.707 0.707 3820.dat
1 19 15.552 9 0 0.985 0.139256 0.097508 -0.17 0.806865 0.564973 0 -0.573576 0.819152 3819.dat
1 14 22.2802 17.4225 -19.2153 0.985 0.167392 -0.0295157 -0.17 0.969889 -0.171018 0 0.173622 0.984659 3820.dat


0 FILE 10185 - Minifig 2.ldr
0 Minifig 2
0 Name: 10185 - Minifig 2.ldr
0 Author: Max Martin Richter [MMR1988]
0 !LDRAW_ORG Model
0 !LICENSE Redistributable under CCAL version 2.0 : see CAreadme.txt

0 !HISTORY 2012-06-18 [Holly-Wood] Made OMR compliant

1 70 0 -24 0 1 0 0 0 1 0 0 0 1 59363.dat
1 14 0 -24 0 1 0 0 0 1 0 0 0 1 3626bp01.dat
1 15 0 0 0 1 0 0 0 1 0 0 0 1 973.dat
1 378 0 32 0 1 0 0 0 1 0 0 0 1 3815.dat
1 15 15.552 9 0 0.985 0.17 0 -0.17 0.985 0 0 0 1 3819.dat
1 14 23.8634 26.5956 -10.321 0.985 0.12019 -0.12019 -0.17 0.696395 -0.696395 0 0.707 0.707 3820.dat
1 378 0 44 0 1 0 0 0 0.788011 0.615661 0 -0.615661 0.788011 3816.dat
1 378 0 44 0 1 0 0 0 1 0 0 0 1 3817.dat
1 15 -15.552 9 0 0.985 -0.144168 -0.0900863 0.17 0.835327 0.52197 0 -0.529919 0.848048 3818.dat
1 14 -22.449 18.4003 -18.6945 0.0602037 -0.99701 0.0382359 0.973257 0.0502223 -0.221543 0.219152 0.0505953 0.974223 3820.dat


0 FILE 10185 - Minifig 3.ldr
0 Minifig 3
0 Name: 10185 - Minifig 3.ldr
0 Author: Max Martin Richter [MMR1988]
0 !LDRAW_ORG Model
0 !LICENSE Redistributable under CCAL version 2.0 : see CAreadme.txt

0 !HISTORY 2012-06-18 [Holly-Wood] Made OMR compliant

1 0 0 -24 0 0.994522 0 0.104528 0 1 0 -0.104528 0 0.994522 3878.dat
1 14 0 -24 0 0.994522 0 0.104528 0 1 0 -0.104528 0 0.994522 3626bp01.dat
1 0 0 0 0 1 0 0 0 1 0 0 0 1 973.dat
1 379 0 32 0 1 0 0 0 1 0 0 0 1 3815.dat
1 0 15.552 9 0 0.985 0.17 0 -0.17 0.985 0 0 0 1 3819.dat
1 14 23.8634 26.5956 -10.321 0.985 0.12019 -0.12019 -0.17 0.696395 -0.696395 0 0.707 0.707 3820.dat
1 379 0 44 0 1 0 0 0 1 0 0 0 1 3816.dat
1 379 0 44 0 1 0 0 0 1 0 0 0 1 3817.dat
1 0 -15.552 9 0 0.985 -0.139256 -0.097508 0.17 0.806865 0.564973 0 -0.573576 0.819152 3818.dat
1 14 -22.2802 17.4225 -19.2153 0.985 -0.167392 0.0295157 0.17 0.969889 -0.171018 0 0.173622 0.984659 3820.dat


0 FILE 10185 - Minifig 4.ldr
0 Minifig 4
0 Name: 10185 - Minifig 4.ldr
0 Author: Max Martin Richter [MMR1988]
0 !LDRAW_ORG Model
0 !LICENSE Redistributable under CCAL version 2.0 : see CAreadme.txt

0 !HISTORY 2012-06-18 [Holly-Wood] Made OMR compliant

1 14 0 -24 0 1 0 0 0 1 0 0 0 1 3626bp01.dat
1 73 0 0 0 1 0 0 0 1 0 0 0 1 973.dat
1 1 0 32 0 1 0 0 0 1 0 0 0 1 3815.dat
1 73 -15.552 9 0 0.985 -0.17 0 0.17 0.985 0 0 0 1 3818.dat
1 14 -23.8634 26.5956 -10.321 0.985 -0.12019 0.12019 0.17 0.696395 -0.696395 0 0.707 0.707 3820.dat
1 1 0 44 0 1 0 0 0 0.731354 -0.681998 0 0.681998 0.731354 3816.dat
1 1 0 44 0 1 0 0 0 1 0 0 0 1 3817.dat
1 73 15.552 9 0 0.985 0.139256 0.097508 -0.17 0.806865 0.564973 0 -0.573576 0.819152 3819.dat
1 14 22.2802 17.4225 -19.2153 0.985 0.167392 -0.0295157 -0.17 0.969889 -0.171018 0 0.173622 0.984659 3820.dat


0 FILE 10185 - Ground Floor.ldr
0 Ground Floor
0 Name: 10185 - Ground Floor.ldr
0 Author: Max Martin Richter [MMR1988]
0 !LDRAW_ORG Model
0 !LICENSE Redistributable under CCAL version 2.0 : see CAreadme.txt

0 !HISTORY 2012-06-18 [Holly-Wood] Made OMR compliant

1 2 0 0 -160 1 0 0 0 1 0 0 0 1 3857.dat
1 2 0 0 160 1 0 0 0 1 0 0 0 1 3857.dat
0 STEP
1 71 310 -8 -310 1 0 0 0 1 0 0 0 1 3070b.dat
1 71 310 -8 310 1 0 0 0 1 0 0 0 1 3070b.dat
1 71 310 -8 240 0 0 1 0 1 0 -1 0 0 6636.dat
1 71 310 -8 120 0 0 1 0 1 0 -1 0 0 6636.dat
1 71 310 -8 0 0 0 1 0 1 0 -1 0 0 6636.dat
1 71 310 -8 -120 0 0 1 0 1 0 -1 0 0 6636.dat
1 71 310 -8 -240 0 0 1 0 1 0 -1 0 0 6636.dat
1 72 290 -8 -300 0 0 1 0 1 0 -1 0 0 3069b.dat
1 72 230 -8 -300 0 0 1 0 1 0 -1 0 0 3069b.dat
1 72 290 -8 -260 0 0 1 0 1 0 -1 0 0 3069b.dat
1 72 290 -8 -220 0 0 1 0 1 0 -1 0 0 3069b.dat
1 72 290 -8 -100 0 0 1 0 1 0 -1 0 0 3069b.dat
1 72 290 -8 -60 0 0 1 0 1 0 -1 0 0 3069b.dat
1 72 290 -8 220 0 0 1 0 1 0 -1 0 0 3069b.dat
1 72 250 -8 300 0 0 1 0 1 0 -1 0 0 3069b.dat
1 72 190 -8 300 0 0 1 0 1 0 -1 0 0 3069b.dat
1 72 180 -8 270 -1 0 0 0 1 0 0 0 -1 3069b.dat
1 72 220 -8 270 -1 0 0 0 1 0 0 0 -1 3069b.dat
1 72 290 -8 180 0 0 1 0 1 0 -1 0 0 3069b.dat
1 72 290 -8 100 0 0 1 0 1 0 -1 0 0 3069b.dat
1 72 290 -8 60 0 0 1 0 1 0 -1 0 0 3069b.dat
1 72 290 -8 20.001 0 0 1 0 1 0 -1 0 0 3069b.dat
1 72 290 -8 -20 0 0 1 0 1 0 -1 0 0 3069b.dat
1 72 290 -8 -140.001 0 0 1 0 1 0 -1 0 0 3069b.dat
1 72 270 -8 -220 0 0 1 0 1 0 -1 0 0 3069b.dat
1 72 270 -8 -180 0 0 1 0 1 0 -1 0 0 3069b.dat
1 72 270 -8 -140.001 0 0 1 0 1 0 -1 0 0 3069b.dat
1 72 270 -8 -260 0 0 1 0 1 0 -1 0 0 3069b.dat
1 72 290 -8 270 1 0 0 0 1 0 0 0 1 3070b.dat
1 72 170 -8 290 1 0 0 0 1 0 0 0 1 3070b.dat
1 80 290 -8 140 0 0 1 0 1 0 -1 0 0 2412b.dat
1 80 290 -8 -180 0 0 1 0 1 0 -1 0 0 2412b.dat
1 72 290 -8 250 1 0 0 0 1 0 0 0 1 3024.dat
1 72 260 -8 -300 1 0 0 0 1 0 0 0 1 3068b.dat
1 72 260 -8 -100 1 0 0 0 1 0 0 0 1 3068b.dat
1 72 260 -8 -60 1 0 0 0 1 0 0 0 1 3068b.dat
1 72 260 -8 -20 1 0 0 0 1 0 0 0 1 3068b.dat
1 72 260 -8 20.001 1 0 0 0 1 0 0 0 1 3068b.dat
1 72 260 -8 60 1 0 0 0 1 0 0 0 1 3068b.dat
1 72 260 -8 100 1 0 0 0 1 0 0 0 1 3068b.dat
1 72 260 -8 140 1 0 0 0 1 0 0 0 1 3068b.dat
1 72 260 -8 180 1 0 0 0 1 0 0 0 1 3068b.dat
1 72 260 -8 220 1 0 0 0 1 0 0 0 1 3068b.dat
1 72 260 -8 260 1 0 0 0 1 0 0 0 1 3068b.dat
1 72 220 -8 300 1 0 0 0 1 0 0 0 1 3068b.dat
0 STEP
1 72 170 -8 -290 1 0 0 0 1 0 0 0 1 3070b.dat
1 71 230 -8 -110 1 0 0 0 1 0 0 0 1 3070b.dat
1 71 250 -8 -200 0 0 1 0 1 0 -1 0 0 4162.dat
1 71 200 -8 -130 -1 0 0 0 1 0 0 0 -1 2431.dat
1 71 200 -8 -270 -1 0 0 0 1 0 0 0 -1 2431.dat
1 71 180 -8 -150 -1 0 0 0 1 0 0 0 -1 3069b.dat
1 71 180 -8 -250 -1 0 0 0 1 0 0 0 -1 3069b.dat
1 71 150 -8 -260 0 0 1 0 1 0 -1 0 0 3069b.dat
1 71 150 -8 -140.001 0 0 1 0 1 0 -1 0 0 3069b.dat
1 71 230 -8 -200 0 0 1 0 1 0 -1 0 0 3666.dat
1 71 210 -8 -150 0 0 1 0 1 0 -1 0 0 3024.dat
1 71 210 -8 -250 0 0 1 0 1 0 -1 0 0 3024.dat
1 71 160 -8 -200 1 0 0 0 1 0 0 0 1 10185 - Ground Floor - Staircase.ldr
1 70 200 -8 -300 1 0 0 0 1 0 0 0 1 3022.dat
1 71 200 -8 250 -1 0 0 0 1 0 0 0 -1 3069b.dat
1 71 230 -8 200 0 0 -1 0 1 0 1 0 0 6636.dat
1 71 230 -8 80 0 0 -1 0 1 0 1 0 0 6636.dat
1 71 230 -8 -40 0 0 -1 0 1 0 1 0 0 6636.dat
0 STEP
1 288 170 -24 310 0 0 -1 0 1 0 1 0 0 3005.dat
1 288 170 -24 250 0 0 -1 0 1 0 1 0 0 3005.dat
1 288 150 -24 280 0 0 -1 0 1 0 1 0 0 3010.dat
1 288 60 -24 310 1 0 0 0 1 0 0 0 1 3010.dat
1 288 -60 -24 310 1 0 0 0 1 0 0 0 1 3010.dat
1 288 -150 -24 300 0 0 1 0 1 0 -1 0 0 3004.dat
1 288 0 -24 310 1 0 0 0 1 0 0 0 1 3004.dat
1 0 -120 -14 320 0 0 1 0 1 0 -1 0 0 2780.dat
1 0 120 -14 320 0 0 1 0 1 0 -1 0 0 2780.dat
1 70 120 -8 280 0 0 1 0 1 0 -1 0 0 3022.dat
1 70 80 -8 280 0 0 1 0 1 0 -1 0 0 3022.dat
1 70 120 -24 310 -1 0 0 0 1 0 0 0 -1 3700.dat
1 70 -120 -24 310 -1 0 0 0 1 0 0 0 -1 3700.dat
1 71 170 -8 -110 -1 0 0 0 1 0 0 0 -1 3070b.dat
1 71 170 -8 30 -1 0 0 0 1 0 0 0 -1 3070b.dat
1 71 170 -8 -40 0 0 -1 0 1 0 1 0 0 3069b.dat
1 71 170 -8 80 0 0 -1 0 1 0 1 0 0 3069b.dat
1 71 100 -8 110 1 0 0 0 1 0 0 0 1 2431.dat
1 71 80 -8 250 1 0 0 0 1 0 0 0 1 6636.dat
1 71 30 -8 280 0 0 1 0 1 0 -1 0 0 3069b.dat
1 71 -60 -8 290 -1 0 0 0 1 0 0 0 -1 4162.dat
1 71 -150 -8 240 0 0 -1 0 1 0 1 0 0 2431.dat
1 71 -80 -8 190 1 0 0 0 1 0 0 0 1 6636.dat
1 71 -10 -8 190 1 0 0 0 1 0 0 0 1 3070b.dat
1 19 200 -8 -60 1 0 0 0 1 0 0 0 1 3068b.dat
1 19 200 -8 20.001 1 0 0 0 1 0 0 0 1 3068b.dat
1 19 200 -8 100 1 0 0 0 1 0 0 0 1 3068b.dat
1 19 200 -8 180 1 0 0 0 1 0 0 0 1 3068b.dat
1 28 200 -8 -100 1 0 0 0 1 0 0 0 1 3068b.dat
1 28 200 -8 -20 1 0 0 0 1 0 0 0 1 3068b.dat
1 28 40 -8 220 1 0 0 0 1 0 0 0 1 3068b.dat
1 28 200 -8 60 1 0 0 0 1 0 0 0 1 3068b.dat
1 28 200 -8 140 1 0 0 0 1 0 0 0 1 3068b.dat
1 28 200 -8 220 1 0 0 0 1 0 0 0 1 3068b.dat
1 28 160 -8 180 1 0 0 0 1 0 0 0 1 3068b.dat
1 28 120 -8 140 1 0 0 0 1 0 0 0 1 3068b.dat
1 28 120 -8 220 1 0 0 0 1 0 0 0 1 3068b.dat
1 28 80 -8 180 1 0 0 0 1 0 0 0 1 3068b.dat
1 28 0 -8 260 1 0 0 0 1 0 0 0 1 3068b.dat
1 28 -40 -8 220 1 0 0 0 1 0 0 0 1 3068b.dat
1 28 -80 -8 260 1 0 0 0 1 0 0 0 1 3068b.dat
1 28 -120 -8 220 1 0 0 0 1 0 0 0 1 3068b.dat
1 19 160 -8 220 1 0 0 0 1 0 0 0 1 3068b.dat
1 19 160 -8 140 1 0 0 0 1 0 0 0 1 3068b.dat
1 19 120 -8 180 1 0 0 0 1 0 0 0 1 3068b.dat
1 19 80 -8 220 1 0 0 0 1 0 0 0 1 3068b.dat
1 19 0 -8 220 1 0 0 0 1 0 0 0 1 3068b.dat
1 19 -40 -8 260 1 0 0 0 1 0 0 0 1 3068b.dat
1 19 -80 -8 220 1 0 0 0 1 0 0 0 1 3068b.dat
1 320 60 -8 0 1 0 0 0 1 0 0 0 1 3068b.dat
1 320 60 -8 -80 1 0 0 0 1 0 0 0 1 3068b.dat
1 320 -20 -8 0 1 0 0 0 1 0 0 0 1 3068b.dat
1 320 -100 -8 0 1 0 0 0 1 0 0 0 1 3068b.dat
1 19 -120 -8 260 1 0 0 0 1 0 0 0 1 3068b.dat
1 19 80 -8 140 1 0 0 0 1 0 0 0 1 3068b.dat
0 STEP
1 288 50 -24 190 0 0 -1 0 1 0 1 0 0 3005.dat
1 288 20 -24 190 -1 0 0 0 1 0 0 0 -1 3004.dat
1 288 130 -24 90 0 0 -1 0 1 0 1 0 0 3005.dat
1 288 100 -24 90 -1 0 0 0 1 0 0 0 -1 3004.dat
1 288 40 -24 90 -1 0 0 0 1 0 0 0 -1 3010.dat
1 288 -40 -24 90 -1 0 0 0 1 0 0 0 -1 3010.dat
1 288 20 -24 140 0 0 -1 0 1 0 1 0 0 3001.dat
1 0 -110 -8 90 -1 0 0 0 1 0 0 0 -1 3070b.dat
1 0 -90 -8 90 -1 0 0 0 1 0 0 0 -1 10185 - Ground Floor - Wall Element 1.ldr
1 0 -130 -8 90 -1 0 0 0 1 0 0 0 -1 10185 - Ground Floor - Wall Element 1.ldr
0 STEP
1 71 80 -8 70 1 0 0 0 1 0 0 0 1 3069b.dat
1 71 40 -8 70 1 0 0 0 1 0 0 0 1 3069b.dat
1 71 -120 -8 70 1 0 0 0 1 0 0 0 1 3069b.dat
1 71 130 -8 40 0 0 -1 0 1 0 1 0 0 3069b.dat
1 73 110 -8 40 0 0 -1 0 1 0 1 0 0 3069b.dat
1 73 40 -8 50 -1 0 0 0 1 0 0 0 -1 3069b.dat
1 73 80 -8 50 -1 0 0 0 1 0 0 0 -1 3069b.dat
1 73 -40 -8 50 -1 0 0 0 1 0 0 0 -1 3069b.dat
1 73 0 -8 50 -1 0 0 0 1 0 0 0 -1 3069b.dat
1 73 -120 -8 50 -1 0 0 0 1 0 0 0 -1 3069b.dat
1 73 -80 -8 50 -1 0 0 0 1 0 0 0 -1 3069b.dat
1 73 -40 -8 -50 -1 0 0 0 1 0 0 0 -1 3069b.dat
1 73 0 -8 -50 -1 0 0 0 1 0 0 0 -1 3069b.dat
1 73 -120 -8 -50 -1 0 0 0 1 0 0 0 -1 3069b.dat
1 73 -80 -8 -50 -1 0 0 0 1 0 0 0 -1 3069b.dat
1 73 -150 -8 40 0 0 1 0 1 0 -1 0 0 3069b.dat
1 73 -150 -8 -40 0 0 1 0 1 0 -1 0 0 3069b.dat
1 73 10 -8 -80 0 0 1 0 1 0 -1 0 0 3069b.dat
1 73 -150 -8 0 0 0 1 0 1 0 -1 0 0 3069b.dat
1 71 0 -8 70 1 0 0 0 1 0 0 0 1 3069b.dat
1 15 -100 -8 30 1 0 0 0 1 0 0 0 1 3069b.dat
1 15 -100 -8 -30 1 0 0 0 1 0 0 0 1 3069b.dat
1 15 -70 -8 0 0 0 -1 0 1 0 1 0 0 3069b.dat
1 15 -130 -8 0 0 0 -1 0 1 0 1 0 0 3069b.dat
1 15 60 -8 30 1 0 0 0 1 0 0 0 1 3069b.dat
1 15 60 -8 -30 1 0 0 0 1 0 0 0 1 3069b.dat
1 15 90 -8 0 0 0 -1 0 1 0 1 0 0 3069b.dat
1 15 30 -8 0 0 0 -1 0 1 0 1 0 0 3069b.dat
1 15 -20 -8 30 1 0 0 0 1 0 0 0 1 3069b.dat
1 15 -20 -8 -30 1 0 0 0 1 0 0 0 1 3069b.dat
1 15 10 -8 0 0 0 -1 0 1 0 1 0 0 3069b.dat
1 15 -50 -8 0 0 0 -1 0 1 0 1 0 0 3069b.dat
1 15 60 -8 -50 1 0 0 0 1 0 0 0 1 3069b.dat
1 15 90 -8 -80 0 0 -1 0 1 0 1 0 0 3069b.dat
1 15 30 -8 -80 0 0 -1 0 1 0 1 0 0 3069b.dat
1 71 -80 -8 -70 1 0 0 0 1 0 0 0 1 3069b.dat
1 71 -10 -8 -80 0 0 -1 0 1 0 1 0 0 3069b.dat
1 71 120 -8 -40 0 0 -1 0 1 0 1 0 0 3795.dat
1 71 -120 -8 -70 1 0 0 0 1 0 0 0 1 3069b.dat
1 71 120 -8 70 1 0 0 0 1 0 0 0 1 3069b.dat
1 71 -30 -8 70 -1 0 0 0 1 0 0 0 -1 3070b.dat
1 71 -90 -8 70 -1 0 0 0 1 0 0 0 -1 3070b.dat
1 71 -150 -8 70 -1 0 0 0 1 0 0 0 -1 3070b.dat
1 0 -130 -8 30 -1 0 0 0 1 0 0 0 -1 3070b.dat
1 0 -130 -8 -30 -1 0 0 0 1 0 0 0 -1 3070b.dat
1 0 30 -8 -50 -1 0 0 0 1 0 0 0 -1 3070b.dat
1 0 90 -8 30 -1 0 0 0 1 0 0 0 -1 3070b.dat
1 0 -70 -8 30 -1 0 0 0 1 0 0 0 -1 3070b.dat
1 0 -50 -8 30 -1 0 0 0 1 0 0 0 -1 3070b.dat
1 0 10 -8 30 -1 0 0 0 1 0 0 0 -1 3070b.dat
1 0 30 -8 30 -1 0 0 0 1 0 0 0 -1 3070b.dat
1 0 10 -8 -30 -1 0 0 0 1 0 0 0 -1 3070b.dat
1 0 30 -8 -30 -1 0 0 0 1 0 0 0 -1 3070b.dat
1 0 90 -8 -50 -1 0 0 0 1 0 0 0 -1 3070b.dat
1 0 90 -8 -30 -1 0 0 0 1 0 0 0 -1 3070b.dat
1 71 -150 -8 -70 -1 0 0 0 1 0 0 0 -1 3070b.dat
1 71 -40 -8 -80 1 0 0 0 1 0 0 0 1 3068b.dat
0 STEP
1 71 -10 -8 -120 0 0 -1 0 1 0 1 0 0 3069b.dat
1 71 -10 -8 -160 0 0 -1 0 1 0 1 0 0 3069b.dat
1 71 -10 -8 -200 0 0 -1 0 1 0 1 0 0 3069b.dat
1 71 -10 -8 -240 0 0 -1 0 1 0 1 0 0 3069b.dat
1 71 -10 -8 -280 0 0 -1 0 1 0 1 0 0 3069b.dat
1 71 130 -8 -120 0 0 -1 0 1 0 1 0 0 3069b.dat
1 71 130 -8 -160 0 0 -1 0 1 0 1 0 0 3069b.dat
1 71 130 -8 -200 0 0 -1 0 1 0 1 0 0 3069b.dat
1 71 130 -8 -240 0 0 -1 0 1 0 1 0 0 3069b.dat
1 71 130 -8 -280 0 0 -1 0 1 0 1 0 0 3069b.dat
1 73 110 -8 -120 0 0 -1 0 1 0 1 0 0 3069b.dat
1 73 110 -8 -160 0 0 -1 0 1 0 1 0 0 3069b.dat
1 73 110 -8 -200 0 0 -1 0 1 0 1 0 0 3069b.dat
1 73 110 -8 -240 0 0 -1 0 1 0 1 0 0 3069b.dat
1 73 110 -8 -280 0 0 -1 0 1 0 1 0 0 3069b.dat
1 73 40 -8 -290 -1 0 0 0 1 0 0 0 -1 3069b.dat
1 73 80 -8 -290 -1 0 0 0 1 0 0 0 -1 3069b.dat
1 73 10 -8 -120 0 0 -1 0 1 0 1 0 0 3069b.dat
1 73 10 -8 -160 0 0 -1 0 1 0 1 0 0 3069b.dat
1 73 10 -8 -200 0 0 -1 0 1 0 1 0 0 3069b.dat
1 73 10 -8 -240 0 0 -1 0 1 0 1 0 0 3069b.dat
1 73 10 -8 -280 0 0 -1 0 1 0 1 0 0 3069b.dat
1 71 -30 -8 -110 -1 0 0 0 1 0 0 0 -1 3070b.dat
1 71 -30 -8 -290 -1 0 0 0 1 0 0 0 -1 3070b.dat
1 71 -60 -8 70 0 0 -1 0 1 0 1 0 0 10185 - Ground Floor - 2x Plate 1x2 Tan.ldr
1 71 -60 -8 -30 0 0 -1 0 1 0 1 0 0 10185 - Ground Floor - 2x Plate 1x2 Tan.ldr
1 320 60 -8 -160 1 0 0 0 1 0 0 0 1 3068b.dat
1 15 60 -8 -130 1 0 0 0 1 0 0 0 1 3069b.dat
1 15 60 -8 -190 1 0 0 0 1 0 0 0 1 3069b.dat
1 320 60 -8 -240 1 0 0 0 1 0 0 0 1 3068b.dat
1 15 60 -8 -210 1 0 0 0 1 0 0 0 1 3069b.dat
1 15 60 -8 -270 1 0 0 0 1 0 0 0 1 3069b.dat
1 0 90 -8 -130 -1 0 0 0 1 0 0 0 -1 3070b.dat
1 0 30 -8 -130 -1 0 0 0 1 0 0 0 -1 3070b.dat
1 15 60 -8 -110 1 0 0 0 1 0 0 0 1 3069b.dat
1 0 90 -8 -110 -1 0 0 0 1 0 0 0 -1 3070b.dat
1 0 30 -8 -110 -1 0 0 0 1 0 0 0 -1 3070b.dat
1 15 30 -8 -160 0 0 -1 0 1 0 1 0 0 3069b.dat
1 15 30 -8 -240 0 0 -1 0 1 0 1 0 0 3069b.dat
1 0 30 -8 -210 -1 0 0 0 1 0 0 0 -1 3070b.dat
1 0 30 -8 -190 -1 0 0 0 1 0 0 0 -1 3070b.dat
1 0 30 -8 -270 -1 0 0 0 1 0 0 0 -1 3070b.dat
1 15 90 -8 -160 0 0 -1 0 1 0 1 0 0 3069b.dat
1 15 90 -8 -240 0 0 -1 0 1 0 1 0 0 3069b.dat
1 0 90 -8 -210 -1 0 0 0 1 0 0 0 -1 3070b.dat
1 0 90 -8 -190 -1 0 0 0 1 0 0 0 -1 3070b.dat
1 0 90 -8 -270 -1 0 0 0 1 0 0 0 -1 3070b.dat
0 STEP
1 288 200 -24 -200 0 0 -1 0 1 0 1 0 0 3001.dat
1 288 150 -24 0 0 0 -1 0 1 0 1 0 0 3010.dat
1 288 150 -24 80 0 0 -1 0 1 0 1 0 0 3010.dat
1 288 150 -24 -80 0 0 -1 0 1 0 1 0 0 3010.dat
1 288 170 -24 110 0 0 -1 0 1 0 1 0 0 3005.dat
1 288 170 -24 50 0 0 -1 0 1 0 1 0 0 3005.dat
1 288 -50 -24 -110 0 0 -1 0 1 0 1 0 0 3005.dat
1 288 150 -24 -290.001 0 0 -1 0 1 0 1 0 0 3005.dat
1 288 160 -24 -310 -1 0 0 0 1 0 0 0 -1 3004.dat
1 70 120 -24 -310 -1 0 0 0 1 0 0 0 -1 3700.dat
1 70 -120 -24 -310 -1 0 0 0 1 0 0 0 -1 3700.dat
1 288 60 -24 -310 -1 0 0 0 1 0 0 0 -1 3010.dat
1 288 -20 -24 -310 -1 0 0 0 1 0 0 0 -1 3010.dat
1 288 -70 -24 -280 0 0 -1 0 1 0 1 0 0 3010.dat
1 288 -70 -24 -200 0 0 -1 0 1 0 1 0 0 3010.dat
1 288 -70 -24 -120 0 0 -1 0 1 0 1 0 0 3010.dat
1 288 -170 -24 -60 0 0 -1 0 1 0 1 0 0 3010.dat
1 288 -170 -24 19.999 0 0 -1 0 1 0 1 0 0 3010.dat
1 288 -150 -24 160 0 0 -1 0 1 0 1 0 0 3010.dat
1 288 -170 -24 80 0 0 -1 0 1 0 1 0 0 3004.dat
1 288 -150 -24 100 0 0 -1 0 1 0 1 0 0 3004.dat
1 288 -50 -24 -290.001 -1 0 0 0 1 0 0 0 -1 3005.dat
1 288 -90 -24 -310 -1 0 0 0 1 0 0 0 -1 3005.dat
1 288 -170 -24 -290.001 -1 0 0 0 1 0 0 0 -1 3005.dat
1 288 -160 -24 -310 -1 0 0 0 1 0 0 0 -1 3004.dat
0 STEP
1 0 150 -16 -200 0 0 -1 0 1 0 1 0 0 2431.dat
1 0 170 -24 -200 0 0 -1 0 1 0 1 0 0 2431.dat
1 71 150 -32 -310.001 0 0 -1 0 1 0 1 0 0 2420.dat
1 71 150 -32 -60 0 0 -1 0 1 0 1 0 0 3666.dat
1 71 150 -32 20 0 0 -1 0 1 0 1 0 0 3023.dat
1 71 -40 -8 -200 1 0 0 0 1 0 0 0 1 10185 - Ground Floor - Wall Element 2.ldr
0 STEP
1 71 130 -40 -310 1 0 0 0 1 0 0 0 1 3024.dat
1 71 210 -32 -200 0 0 1 0 1 0 -1 0 0 3710.dat
1 71 230 -16 -200 0 0 1 0 1 0 -1 0 0 3023.dat
1 71 230 -16 -250 0 0 -1 0 1 0 1 0 0 2420.dat
1 71 230 -16 -150 -1 0 0 0 1 0 0 0 -1 2420.dat
1 71 150 -40 -20 0 0 -1 0 1 0 1 0 0 3666.dat
1 70 -140 -39.999 -280 0 0 -1 0 1 0 1 0 0 2489.dat
1 70 -100 -39.999 -280 0 0 -1 0 1 0 1 0 0 2489.dat
1 14 -148.8 -18 -280 0 -1 0 0 0 1 -1 0 0 54200.dat
1 71 -131.19 -22 -280 0 1 0 0 0 -1 -1 0 0 54200.dat
1 72 -200 -8 -40 1 0 0 0 1 0 0 0 1 61780.dat
1 72 170 -32 -260 1 0 0 0 1 0 0 0 1 10185 - Ground Floor - Entrance Hinge Right.ldr
1 72 170 -32 -220 1 0 0 0 1 0 0 0 1 10185 - Ground Floor - Entrance Hinge Left.ldr
0 STEP
1 70 -140 -48 -280 1 0 0 0 1 0 0 0 1 4032b.dat
1 0 -100 -48.534 -281.461 0 0 -1 0.972776 0.231748 0 0.231748 -0.972776 0 2431.dat
1 0 -110 -40 90 1 0 0 0 1 0 0 0 1 4490.dat
1 14 -110 0 150.001 0.615661 0 -0.788011 0 1 0 0.788011 0 0.615661 54200.dat
1 71 -80 0 130 0 0 1 0 1 0 -1 0 0 40234.dat
1 71 170 -8 0 1 0 0 0 1 0 0 0 1 10185 - Ground Floor - Vegetable Basket Base.ldr
1 71 170 -8 -80 1 0 0 0 1 0 0 0 1 10185 - Ground Floor - Vegetable Basket Base.ldr
0 STEP
1 71 -110 -48 90 1 0 0 0 1 0 0 0 1 3623.dat
1 71 170 -48 310 1 0 0 0 1 0 0 0 1 3062b.dat
1 71 170 -48 50 1 0 0 0 1 0 0 0 1 3062b.dat
1 71 150 -48 270 1 0 0 0 1 0 0 0 1 3005.dat
1 71 60 -48 310 1 0 0 0 1 0 0 0 1 3009.dat
1 71 -150 -48 290 1 0 0 0 1 0 0 0 1 3005.dat
1 71 150 -48 310 -1 0 0 0 1 0 0 0 -1 2357.dat
1 71 -80 -48 310 -1 0 0 0 1 0 0 0 -1 3008.dat
1 71 40 -48 190 -1 0 0 0 1 0 0 0 -1 3004.dat
1 71 0 -48 140 0 0 -1 0 1 0 1 0 0 2456.dat
1 71 150 -48 60 0 0 -1 0 1 0 1 0 0 3004.dat
1 71 130 -48 90 1 0 0 0 1 0 0 0 1 3622.dat
1 71 -50 -48 90 1 0 0 0 1 0 0 0 1 3622.dat
1 71 -150 -48 170 0 0 -1 0 1 0 1 0 0 3622.dat
1 71 -150 -48 119.999 0 0 -1 0 1 0 1 0 0 3004.dat
1 71 -160 -48 90 -1 0 0 0 1 0 0 0 -1 3004.dat
1 71 -170 -48 50 0 0 -1 0 1 0 1 0 0 3622.dat
1 71 60 -48 90 1 0 0 0 1 0 0 0 1 3010.dat
1 71 -170 -48 -40 0 0 1 0 1 0 -1 0 0 3009.dat
0 STEP
1 71 230 -24 -200 0 0 1 0 1 0 -1 0 0 6636.dat
1 71 210 -24 -150 0 0 1 0 1 0 -1 0 0 3070b.dat
1 71 210 -24 -250 0 0 1 0 1 0 -1 0 0 3070b.dat
1 71 210 -40 -200 0 0 1 0 1 0 -1 0 0 2431.dat
1 71 170 -48 -310 0 0 1 0 1 0 -1 0 0 3062b.dat
1 71 150 -48 -310 0 0 -1 0 1 0 1 0 0 2420.dat
1 71 -70 -48 -110 1 0 0 0 1 0 0 0 1 2357.dat
1 71 -70 -48 -200 0 0 1 0 1 0 -1 0 0 3008.dat
1 71 -60 -48 -290 -1 0 0 0 1 0 0 0 -1 3004.dat
1 71 -170 -47.999 -300 0 0 1 0 1 0 -1 0 0 3004.dat
1 71 40 -48 -310 -1 0 0 0 1 0 0 0 -1 3008.dat
1 71 -100 -48 -310 -1 0 0 0 1 0 0 0 -1 3009.dat
1 2 -50 -48 -270 -1 0 0 0 1 0 0 0 -1 3062b.dat
1 2 -50 -48 -250 -1 0 0 0 1 0 0 0 -1 3062b.dat
1 1 -50 -48 -230 -1 0 0 0 1 0 0 0 -1 3062b.dat
1 1 -50 -48 -210 -1 0 0 0 1 0 0 0 -1 3062b.dat
0 STEP
1 71 -20 -72 140 0 0 -1 0 1 0 1 0 0 2456.dat
1 72 -150 -72 300 0 0 1 0 1 0 -1 0 0 30136.dat
1 72 -150 -72 180 0 0 1 0 1 0 -1 0 0 30136.dat
1 71 -60 -72 310 1 0 0 0 1 0 0 0 1 3008.dat
1 71 100 -72 310 1 0 0 0 1 0 0 0 1 3008.dat
1 71 30 -72 190 1 0 0 0 1 0 0 0 1 3622.dat
1 71 40 -72 90 1 0 0 0 1 0 0 0 1 3010.dat
1 71 110 -72 90 1 0 0 0 1 0 0 0 1 3622.dat
1 71 -70 -72 90 1 0 0 0 1 0 0 0 1 3622.dat
1 71 -120 -72 90 1 0 0 0 1 0 0 0 1 3004.dat
1 71 -150 -72 120 0 0 1 0 1 0 -1 0 0 3010.dat
1 71 -170 -72 40 0 0 1 0 1 0 -1 0 0 3009.dat
1 71 -170 -72 -60 0 0 1 0 1 0 -1 0 0 3010.dat
1 71 -50 -32 -189.999 1 0 0 0 1 0 0 0 1 10185 - Ground Floor - Goods 1.ldr
1 71 -50 -32 -170 1 0 0 0 1 0 0 0 1 10185 - Ground Floor - Goods 1.ldr
1 71 -50 -32 -149.998 1 0 0 0 1 0 0 0 1 10185 - Ground Floor - Goods 2.ldr
1 71 -50 -32 -130 1 0 0 0 1 0 0 0 1 10185 - Ground Floor - Goods 2.ldr
0 STEP
1 71 -170 -56 -290 1 0 0 0 1 0 0 0 1 3070b.dat
1 71 -90 -56 -310 1 0 0 0 1 0 0 0 1 3070b.dat
1 71 80 -72 -310 1 0 0 0 1 0 0 0 1 6111.dat
1 71 -50 -72 -310 1 0 0 0 1 0 0 0 1 2357.dat
1 71 -70 -72 -240 0 0 1 0 1 0 -1 0 0 3008.dat
1 71 -70 -72 -120 0 0 1 0 1 0 -1 0 0 3010.dat
1 71 -50 -72 -110 1 0 0 0 1 0 0 0 1 3005.dat
1 71 150 -72 -290 1 0 0 0 1 0 0 0 1 3005.dat
1 71 -50 -56 -240 0 0 1 0 1 0 -1 0 0 3710.dat
1 71 50 -24 280 1 0 0 0 1 0 0 0 1 10185 - Ground Floor - News paper holder.ldr
1 71 -140 -56 -310 1 0 0 0 1 0 0 0 1 2431.dat
0 STEP
1 71 -70 -80 -240 0 0 1 0 1 0 -1 0 0 3710.dat
1 71 -60 -80 -160 0 0 1 0 1 0 -1 0 0 3020.dat
1 320 -50 -80 -210 1 0 0 0 1 0 0 0 1 3062b.dat
1 320 -50 -80 -230 1 0 0 0 1 0 0 0 1 3062b.dat
1 320 -50 -80 -250 1 0 0 0 1 0 0 0 1 3062b.dat
1 320 -50 -80 -270 1 0 0 0 1 0 0 0 1 3062b.dat
1 320 -60 -24 19.999 -1 0 0 0 1 0 0 0 -1 10185 - Ground Floor - Desk.ldr
0 STEP
1 71 170 -96 310 1 0 0 0 1 0 0 0 1 3062b.dat
1 71 80 -96 310 1 0 0 0 1 0 0 0 1 3008.dat
1 71 -80 -96 310 1 0 0 0 1 0 0 0 1 3008.dat
1 71 -150 -96 140 0 0 1 0 1 0 -1 0 0 3010.dat
1 71 -120 -96 90 1 0 0 0 1 0 0 0 1 3009.dat
1 71 -40 -96 140 0 0 -1 0 1 0 1 0 0 2456.dat
1 71 20 -96 190 1 0 0 0 1 0 0 0 1 3010.dat
1 71 60 -96 90 1 0 0 0 1 0 0 0 1 3008.dat
1 71 -70 -88 -160 0 0 1 0 1 0 -1 0 0 3710.dat
1 71 -60 -88 -240 0 0 1 0 1 0 -1 0 0 3020.dat
1 71 -150 -96 289.999 0 0 1 0 1 0 -1 0 0 10185 - Ground Floor - Lamp Holder Back.ldr
1 71 -150 -96 190 0 0 1 0 1 0 -1 0 0 10185 - Ground Floor - Lamp Holder Back.ldr
0 STEP
1 71 -70 -96 -110 1 0 0 0 1 0 0 0 1 2357.dat
1 71 150 -96 -310 0 0 -1 0 1 0 1 0 0 2357.dat
1 71 -60 -96 -300 1 0 0 0 1 0 0 0 1 3003.dat
1 71 -170 -96 -40 0 0 1 0 1 0 -1 0 0 3009.dat
1 71 40 -96 -310 1 0 0 0 1 0 0 0 1 3008.dat
1 71 -70 -96 -200 0 0 1 0 1 0 -1 0 0 3460.dat
1 71 170 -96 -310 1 0 0 0 1 0 0 0 1 3062b.dat
1 71 -170 -96 30 1 0 0 0 1 0 0 0 1 3005.dat
1 71 -170 -96 60 1 0 0 0 1 0 0 0 1 10185 - Ground Floor - Wall Element 3.ldr
1 71 100 -16 280 0 0 1 0 1 0 -1 0 0 10185 - Ground Floor - Post Boxes.ldr
1 71 100 -72 280 0 0 1 0 1 0 -1 0 0 10185 - Ground Floor - Post Boxes.ldr
0 STEP
1 4 100 -144 280 1 0 0 0 1 0 0 0 1 3299.dat
1 72 -150 -120 300 0 0 1 0 1 0 -1 0 0 30136.dat
1 72 -150 -120 180 0 0 1 0 1 0 -1 0 0 30136.dat
1 71 -100 -120 140 -1 0 0 0 1 0 0 0 -1 2456.dat
1 71 -100 -120 100 -1 0 0 0 1 0 0 0 -1 2456.dat
1 71 -50 -120 180 0 0 1 0 1 0 -1 0 0 3004.dat
1 71 40 -120 190 -1 0 0 0 1 0 0 0 -1 3004.dat
1 71 -10 -120 190 1 0 0 0 1 0 0 0 1 3622.dat
1 71 100 -120 310 1 0 0 0 1 0 0 0 1 3008.dat
1 71 -60 -120 310 1 0 0 0 1 0 0 0 1 3008.dat
1 71 -170 -120 40 0 0 1 0 1 0 -1 0 0 3009.dat
1 71 -170 -120 -60 0 0 1 0 1 0 -1 0 0 3010.dat
1 272 -50 -112 -270 1 0 0 0 1 0 0 0 1 3062b.dat
1 272 -50 -112 -250 1 0 0 0 1 0 0 0 1 3062b.dat
1 272 -50 -112 -230 1 0 0 0 1 0 0 0 1 3062b.dat
1 272 -50 -112 -210.001 1 0 0 0 1 0 0 0 1 3062b.dat
1 272 -50 -88 -190 1 0 0 0 1 0 0 0 1 10185 - Ground Floor - Goods 3.ldr
1 272 -50 -88 -170 1 0 0 0 1 0 0 0 1 10185 - Ground Floor - Goods 3.ldr
1 272 -50 -88 -150 1 0 0 0 1 0 0 0 1 10185 - Ground Floor - Goods 4.ldr
1 272 -50 -88 -130 1 0 0 0 1 0 0 0 1 10185 - Ground Floor - Goods 4.ldr
0 STEP
1 71 -50 -120 -240 0 0 1 0 1 0 -1 0 0 3710.dat
1 71 110 -120 90 1 0 0 0 1 0 0 0 1 3622.dat
1 71 -50 -120 -310 1 0 0 0 1 0 0 0 1 2357.dat
1 71 -70 -120 -120 0 0 1 0 1 0 -1 0 0 3010.dat
1 71 20 -120 90 1 0 0 0 1 0 0 0 1 3009.dat
1 71 -70 -120 -240 0 0 1 0 1 0 -1 0 0 3008.dat
1 71 -50 -120 -109.999 1 0 0 0 1 0 0 0 1 3005.dat
1 71 150 -120 -290 1 0 0 0 1 0 0 0 1 3005.dat
1 71 80 -120 -310 1 0 0 0 1 0 0 0 1 6111.dat
1 71 -120 -144 -90 1 0 0 0 1 0 0 0 1 10185 - Ground Floor - Back Door.ldr
1 71 50 -144 140 0 0 -1 0 1 0 1 0 0 10185 - Ground Floor - Front Door.ldr
0 STEP
1 71 30 -144 190 1 0 0 0 1 0 0 0 1 3622.dat
1 71 -170 -144 50 0 0 -1 0 1 0 1 0 0 3622.dat
1 71 -150 -144 120 0 0 1 0 1 0 -1 0 0 3004.dat
1 71 -150 -144 290 1 0 0 0 1 0 0 0 1 3005.dat
1 71 -170 -144 -90 1 0 0 0 1 0 0 0 1 3005.dat
1 71 170 -144 310 1 0 0 0 1 0 0 0 1 3062b.dat
1 71 -170 -144 -20 0 0 1 0 1 0 -1 0 0 3010.dat
1 71 -100 -144 90 1 0 0 0 1 0 0 0 1 3008.dat
1 71 -80 -144 190 1 0 0 0 1 0 0 0 1 3008.dat
1 71 -170 -144 -70 0 0 -1 0 1 0 1 0 0 4287.dat
1 71 60 -144 90 1 0 0 0 1 0 0 0 1 3008.dat
1 71 -80 -144 310 1 0 0 0 1 0 0 0 1 3008.dat
1 71 80 -144 310 1 0 0 0 1 0 0 0 1 3008.dat
1 71 -100 -144 160 -1 0 0 0 1 0 0 0 -1 2456.dat
0 STEP
1 71 -70 -144 -110 1 0 0 0 1 0 0 0 1 2357.dat
1 71 150 -144 -310 0 0 -1 0 1 0 1 0 0 2357.dat
1 71 170 -144 -310 1 0 0 0 1 0 0 0 1 3062b.dat
1 4 -50 -144 -210 1 0 0 0 1 0 0 0 1 3062b.dat
1 4 -50 -144 -230 1 0 0 0 1 0 0 0 1 3062b.dat
1 14 -50 -144 -250 1 0 0 0 1 0 0 0 1 3062b.dat
1 14 -50 -144 -270 1 0 0 0 1 0 0 0 1 3062b.dat
1 71 -60 -144 -300 1 0 0 0 1 0 0 0 1 3003.dat
1 71 -70 -144 -240.001 0 0 1 0 1 0 -1 0 0 3010.dat
1 71 40 -144 -310 1 0 0 0 1 0 0 0 1 3008.dat
1 71 -60 -128 -160 1 0 0 0 1 0 0 0 1 10185 - Ground Floor - Shelf.ldr
0 STEP
1 71 160 -168 310 1 0 0 0 1 0 0 0 1 3004.dat
1 288 -30 -168 310 1 0 0 0 1 0 0 0 1 3005.dat
1 288 -140 -168 310 1 0 0 0 1 0 0 0 1 3004.dat
1 288 -120 -168 90 1 0 0 0 1 0 0 0 1 3004.dat
1 288 -150 -168 140 0 0 1 0 1 0 -1 0 0 3010.dat
1 288 20 -168 310 -1 0 0 0 1 0 0 0 -1 3010.dat
1 288 100 -168 310 -1 0 0 0 1 0 0 0 -1 3010.dat
1 288 -80 -168 300 1 0 0 0 1 0 0 0 1 3001.dat
1 288 -60 -168 -140 0 0 1 0 1 0 -1 0 0 3001.dat
1 288 -60 -168 -260 0 0 1 0 1 0 -1 0 0 3001.dat
1 288 -70 -168 -310 1 0 0 0 1 0 0 0 1 3005.dat
1 72 -150 -168 240 0 0 1 0 1 0 -1 0 0 3455.dat
1 0 -120 -168 -70 1 0 0 0 1 0 0 0 1 3039.dat
1 0 -70 -168 -70 0 0 1 0 1 0 -1 0 0 3046.dat
1 0 -150 -168 -70 0 0 1 0 1 0 -1 0 0 3045.dat
1 0 -150 -168 20.001 0 0 1 0 1 0 -1 0 0 4445.dat
0 STEP
1 71 -100 -168 180 1 0 0 0 1 0 0 0 1 3001.dat
1 288 120 -168 90 1 0 0 0 1 0 0 0 1 3004.dat
1 288 120 -168 -310 1 0 0 0 1 0 0 0 1 3004.dat
1 288 -50 -168 -200 0 0 -1 0 1 0 1 0 0 3004.dat
1 288 -20 -168 90 -1 0 0 0 1 0 0 0 -1 3010.dat
1 288 60 -168 90 -1 0 0 0 1 0 0 0 -1 3010.dat
1 288 -20 -168 -310 -1 0 0 0 1 0 0 0 -1 3010.dat
1 288 60 -168 -310 -1 0 0 0 1 0 0 0 -1 3010.dat
1 71 50 -168 190 -1 0 0 0 1 0 0 0 -1 2357.dat
1 71 -50 -168 190 0 0 1 0 1 0 -1 0 0 2357.dat
1 71 150 -168 -310 1 0 0 0 1 0 0 0 1 2357.dat
1 71 50 -168 130 0 0 1 0 1 0 -1 0 0 3622.dat
1 71 0 -168 190 1 0 0 0 1 0 0 0 1 3004.dat
1 71 -80 -152 90 0 0 1 0 1 0 -1 0 0 10185 - Ground Floor - 2x Plate 1x2 Black.ldr
0 STEP
1 70 200 -16 -300 1 0 0 0 1 0 0 0 1 61780.dat
1 70 120 -16 -40 1 0 0 0 1 0 0 0 1 61780.dat
1 72 120 -16 0.001 1 0 0 0 1 0 0 0 1 61780.dat
1 72 120 -16 -80 1 0 0 0 1 0 0 0 1 61780.dat
1 25 126 -56.001 -88 1 0 0 0 1 0 0 0 1 33172.dat
1 10 126 -51 -88 1 0 0 0 1 0 0 0 1 33183.dat
1 25 126 -56 -72 1 0 0 0 1 0 0 0 1 33172.dat
1 10 126 -51 -72 1 0 0 0 1 0 0 0 1 33183.dat
1 25 112 -56 -80 1 0 0 0 1 0 0 0 1 33172.dat
1 10 112 -51 -80 1 0 0 0 1 0 0 0 1 33183.dat
1 484 123 -41 -40 1 0 0 0 0 1 0 -1 0 33125.dat
1 484 123 -41 -40 1 0 0 0 0 -1 0 1 0 33125.dat
1 14 93.5 -66 -27.1 -0.777146 0.62932 0 0 0 -1 -0.62932 -0.777146 0 33085.dat
1 14 127.4 -67 30 -0.052336 -0.99863 0 0 0 -1 0.99863 -0.052336 0 33085.dat
1 14 94.6 -62 -10.1 -0.766044 0.642788 0 0 0 -1 -0.642788 -0.766044 0 33085.dat
1 14 170 -30 -80 0 0.80094 0.598744 0 0.598744 -0.80094 -1 0 0 10185 - Ground Floor - Vegetable Basket.ldr
1 14 170 -30 0 0 0.80094 0.598744 0 0.598744 -0.80094 -1 0 0 10185 - Ground Floor - Vegetable Basket.ldr
1 27 204.122 -40.575 -29.999 0 -0.752185 0.658952 0 0.658952 0.752185 -1 0 0 22667.dat
1 27 210.867 -51.265 -20 0.308376 -0.51298 -0.80112 -0.412515 0.686722 -0.598503 0.857167 0.515038 0 22667.dat
1 4 223.399 -31.285 0 0.777149 -0.598744 0.193765 0.580959 0.80094 0.144849 -0.241922 0 0.970296 22667.dat
1 4 196.645 -39.422 11.5 0.80094 0.569439 0.185022 0.598744 -0.76174 -0.247504 0 0.309017 -0.951057 22667.dat
1 4 201.742 -54.088 -18 -0.639186 -0.580959 0.503913 -0.619627 0.777149 0.110009 -0.455526 -0.241922 -0.85672 22667.dat
1 4 206.577 -43.856 22 0.0698066 -0.598744 -0.797893 0.052184 0.80094 -0.596466 0.996195 0 0.0871557 22667.dat
1 27 225.966 -39.727 9 -0.504787 -0.752185 0.423566 -0.576207 0.658952 0.483495 -0.642788 0 -0.766044 22667.dat
1 27 210.6 -55.085 15.5 -0.113942 -0.354781 0.927981 -0.0432369 0.93495 0.352136 -0.992546 0 -0.121869 22667.dat
1 27 -80 -168 90 1 0 0 0 1 0 0 0 1 10185 - Ground Floor - Clock.ldr
0 STEP
1 0 -50 -176 -200 0 0 1 0 1 0 -1 0 0 3460.dat
1 0 -30 -152 -160 0 0 1 0 1 0 -1 0 0 60596.dat
1 47 -25 -152 -128 0 0 1 0 1 0 -1 0 0 10185 - 60616.dat
1 0 -30 -152 -240 0 0 1 0 1 0 -1 0 0 60596.dat
1 47 -25 -152 -268 0 0 -1 0 1 0 1 0 0 10185 - 60616.dat
1 0 150 -56 80 0 -1 0 0 0 1 -1 0 0 10185 - Ground Floor - Wall Element 4.ldr
1 0 150 -56 280 0 -1 0 0 0 1 -1 0 0 10185 - Ground Floor - Wall Element 4.ldr
0 STEP
1 0 -30 -176 -140 1 0 0 0 1 0 0 0 1 10185 - Ground Floor - Refrigerator Compressor.ldr
1 0 -30 -176 -180 1 0 0 0 1 0 0 0 1 10185 - Ground Floor - Refrigerator Compressor.ldr
1 0 -30 -176 -220 1 0 0 0 1 0 0 0 1 10185 - Ground Floor - Refrigerator Compressor.ldr
1 0 -30 -176 -260 1 0 0 0 1 0 0 0 1 10185 - Ground Floor - Refrigerator Compressor.ldr
1 0 -70 -168 -200 -1 0 0 0 1 0 0 0 -1 10185 - Ground Floor - Refrigerator Compressor.ldr
1 0 160 -72 50 1 0 0 0 1 0 0 0 1 10185 - Ground Floor - Wall Element 5.ldr
0 STEP
1 0 170 -48 -260 0.600001 0 0.799999 0 1 0 -0.799999 0 0.600001 10185 - Ground Floor - Entrance - Wall Element 1.ldr
1 0 170 -48 -140 0.600001 0 -0.799999 0 1 0 0.799999 0 0.600001 10185 - Ground Floor - Entrance - Wall Element 1.ldr
0 STEP
1 0 150 -168 180 1 0 0 0 1 0 0 0 1 10185 - Ground Floor - Gateway.ldr
0 STEP
1 71 -150 -176 310 1 0 0 0 1 0 0 0 1 3024.dat
1 72 -160 -176 240 0 0 1 0 1 0 -1 0 0 3795.dat
1 71 -150 -176 150 0 0 1 0 1 0 -1 0 0 3623.dat
1 0 -40 -184 -200 0 0 1 0 1 0 -1 0 0 3034.dat
1 0 150 -184 0 1 0 0 0 1 0 0 0 1 10185 - Ground Floor - Shopping Window.ldr
1 0 150 -184 -80 1 0 0 0 1 0 0 0 1 10185 - Ground Floor - Shopping Window.ldr
1 0 190 -176 -200 1 0 0 0 1 0 0 0 1 10185 - Ground Floor - Entrance - Door.ldr
0 STEP
1 71 100 -192 310 1 0 0 0 1 0 0 0 1 3009.dat
1 71 -20 -192 310 1 0 0 0 1 0 0 0 1 3009.dat
1 71 -110 -192 310 1 0 0 0 1 0 0 0 1 3622.dat
1 71 -130 -192 190 1 0 0 0 1 0 0 0 1 3005.dat
1 71 -100 -192 240 0 0 1 0 1 0 -1 0 0 2456.dat
1 71 -60 -192 240 0 0 1 0 1 0 -1 0 0 2456.dat
1 71 0 -192 190 1 0 0 0 1 0 0 0 1 3010.dat
1 71 50 -192 160 0 0 1 0 1 0 -1 0 0 3010.dat
1 71 -150 -192 20 0 0 1 0 1 0 -1 0 0 3009.dat
1 71 -40 -192 90 1 0 0 0 1 0 0 0 1 3008.dat
1 71 -70 -192 -200 0 0 1 0 1 0 -1 0 0 3008.dat
1 71 40 -192 -310 -1 0 0 0 1 0 0 0 -1 3008.dat
1 71 -60 -192 -300 1 0 0 0 1 0 0 0 1 3003.dat
1 71 -70 -192 -110 1 0 0 0 1 0 0 0 1 2357.dat
1 71 -150 -192 -70 1 0 0 0 1 0 0 0 1 2357.dat
1 71 -150 -192 90 1 0 0 0 1 0 0 0 1 2357.dat
1 71 50 -192 90 1 0 0 0 1 0 0 0 1 2357.dat
1 71 110 -176 90 0 0 -1 0 1 0 1 0 0 10185 - Ground Floor - Wall Element 6.ldr
1 71 -90 -192 -70 1 0 0 0 1 0 0 0 1 3622.dat
0 STEP
1 71 -150 -184 220 0 0 1 0 1 0 -1 0 0 4477.dat
1 71 150 -184 60 0 0 1 0 1 0 -1 0 0 3023.dat
1 71 150 -184 90 0 0 -1 0 1 0 1 0 0 2420.dat
1 71 150 -184 270 0 0 1 0 1 0 -1 0 0 3623.dat
1 71 180 -184 -200 1 0 0 0 1 0 0 0 1 10185 - Ground Floor - Entrance - Top Structure.ldr
1 71 150 -176 -310 1 0 0 0 1 0 0 0 1 10185 - Ground Floor - Wall Element 7.ldr
0 STEP
1 71 130 -192 90 -1 0 0 0 1 0 0 0 -1 2420.dat
1 71 150 -192 80 0 0 -1 0 1 0 1 0 0 32028.dat
1 71 150 -192 280 0 0 -1 0 1 0 1 0 0 32028.dat
1 71 170 -192 310 1 0 0 0 1 0 0 0 1 3062b.dat
1 71 170 -192 50 1 0 0 0 1 0 0 0 1 3062b.dat
1 71 170 -192 -310 1 0 0 0 1 0 0 0 1 3062b.dat
1 71 150 -192 110 1 0 0 0 1 0 0 0 1 3024.dat
1 71 150 -192 250 1 0 0 0 1 0 0 0 1 3024.dat
1 71 150 -192 -70 1 0 0 0 1 0 0 0 1 3024.dat
1 71 -150 -192 220 0 0 1 0 1 0 -1 0 0 4477.dat
1 71 140 -192 0 0 0 1 0 1 0 -1 0 0 3795.dat
1 72 160 -184 180 1 0 0 0 1 0 0 0 1 3022.dat
1 72 160 -200 230 1 0 0 0 1 0 0 0 1 3039.dat
1 72 160 -200 130 -1 0 0 0 1 0 0 0 -1 3039.dat
1 71 160 -192 -120 -0.799999 0 -0.600001 0 1 0 0.600001 0 -0.799999 2429.dat
1 71 160 -192 -280 0 0 -1 0 1 0 1 0 0 2429.dat
1 71 160 -192 -280 0.799999 0 -0.600001 0 1 0 0.600001 0 0.799999 2430.dat
1 71 160 -192 -120 0 0 -1 0 1 0 1 0 0 2430.dat
0 STEP
0 ROTSTEP 0 180 0 REL
1 0 -188 -36 -37 -1 0 0 0 1 0 0 0 -1 3835.dat
1 0 -195 -48 -52 -1 0 0 0 1 0 0 0 -1 4522.dat
1 0 -210 -51.2 -53.2 0.999848 -0.0137527 0.0107448 0.0174503 0.778123 -0.627869 0.00027413 0.627961 0.778245 3837.dat
1 70 -203 -10.5 -52.3 0.996195 0.0461855 -0.0739123 0 -0.848048 -0.529919 -0.0871557 0.527903 -0.844821 3836.dat
1 2 -188 -86 50 0 1 0 -0.707107 0 0.707107 0.707107 0 0.707107 2423.dat
1 2 -188 -86 70 0 1 0 0 0 -1 -1 0 0 2423.dat
1 0 -170 -200 240 0 0 1 0 1 0 -1 0 0 3039.dat
1 0 -170 -200 270 -1 0 0 0 1 0 0 0 -1 3045.dat
1 0 -170 -200 210 0 0 1 0 1 0 -1 0 0 3045.dat
1 0 -170 -116 290 -1 0 0 0 1 0 0 0 -1 10185 - Ground Floor - Lamp Back.ldr
1 0 -170 -116 190 -1 0 0 0 1 0 0 0 -1 10185 - Ground Floor - Lamp Back.ldr
0 STEP
1 71 150 -200 -290 1 0 0 0 1 0 0 0 1 3070b.dat
1 71 160 -200 -310 1 0 0 0 1 0 0 0 1 3023.dat
1 71 150 -200 260 0 0 1 0 1 0 -1 0 0 3023.dat
1 71 150 -200 100 0 0 1 0 1 0 -1 0 0 3023.dat
1 71 150 -200 310 0 0 1 0 1 0 -1 0 0 2420.dat
1 71 150 -200 50 1 0 0 0 1 0 0 0 1 2420.dat
1 71 170 -200 -140 0.799999 0 0.600001 0 1 0 -0.600001 0 0.799999 3069b.dat
1 71 170 -200 -260 0.799999 0 -0.600001 0 1 0 0.600001 0 0.799999 3069b.dat
1 288 150 -208 180 0 0 1 0 1 0 -1 0 0 3004.dat
1 288 170 -200 250 1 0 0 0 1 0 0 0 1 10185 - Ground Floor - Lamp Holder Front.ldr
1 288 170 -200 110 1 0 0 0 1 0 0 0 1 10185 - Ground Floor - Lamp Holder Front.ldr
0 STEP
1 70 212 -190 -200 0 -1 0 0 0 -1 1 0 0 2431p27.dat
1 70 180.8 -112 -274.4 0 -0.600001 0.799999 1 0 0 0 0.799999 0.600001 2431p27.dat
1 70 180.8 -112 -125.6 0 -0.6 -0.8 1 0 0 0 -0.8 0.6 2431p27.dat
1 72 170 -208 170 1 0 0 0 1 0 0 0 1 3676.dat
1 72 170 -208 190 0 0 -1 0 1 0 1 0 0 3676.dat
1 71 -50 -192 -290 0 0 -1 0 1 0 1 0 0 54200.dat
1 71 -50 -192 -110 0 0 -1 0 1 0 1 0 0 54200.dat
1 71 150 -216 -40 0 0 1 0 1 0 -1 0 0 3008.dat
1 71 160 -208 -220 0 0 1 0 1 0 -1 0 0 3832.dat
1 71 -130 -200 190 1 0 0 0 1 0 0 0 1 3070b.dat
1 71 -30 -200 190 1 0 0 0 1 0 0 0 1 3070b.dat
1 71 20 -200 190 1 0 0 0 1 0 0 0 1 2431.dat
1 71 50 -200 140 0 0 1 0 1 0 -1 0 0 2431.dat
1 71 60 -200 90 1 0 0 0 1 0 0 0 1 4162.dat
1 71 -80 -200 90 1 0 0 0 1 0 0 0 1 6636.dat
0 STEP
1 71 160 -216 -220 0 0 1 0 1 0 -1 0 0 3832.dat
1 71 130 -216 -160 0 0 1 0 1 0 -1 0 0 2465.dat
1 71 -70 -216 -310 1 0 0 0 1 0 0 0 1 3005.dat
1 71 -80 -216 220 1 0 0 0 1 0 0 0 1 3001.dat
1 71 -80 -216 250 1 0 0 0 1 0 0 0 1 3010.dat
1 71 110 -216 310 1 0 0 0 1 0 0 0 1 3622.dat
1 71 90 -216 -310 1 0 0 0 1 0 0 0 1 3622.dat
1 71 -120 -216 -70 1 0 0 0 1 0 0 0 1 3010.dat
1 71 130 -216 40 0 0 1 0 1 0 -1 0 0 3010.dat
1 71 20 -216 310 1 0 0 0 1 0 0 0 1 3009.dat
1 71 -100 -216 310 1 0 0 0 1 0 0 0 1 3009.dat
1 71 -150 -216 240 0 0 1 0 1 0 -1 0 0 3009.dat
1 71 -150 -216 120 0 0 1 0 1 0 -1 0 0 3009.dat
1 71 -150 -216 0 0 0 1 0 1 0 -1 0 0 3009.dat
1 71 -70 -216 -120 0 0 1 0 1 0 -1 0 0 3009.dat
1 71 -70 -216 -240 0 0 1 0 1 0 -1 0 0 3009.dat
1 71 0 -216 -310 -1 0 0 0 1 0 0 0 -1 3009.dat
0 STEP
1 71 160 -224 300 1 0 0 0 1 0 0 0 1 3003.dat
1 71 160 -224 60 1 0 0 0 1 0 0 0 1 3003.dat
1 71 130 -224 310 1 0 0 0 1 0 0 0 1 3024.dat
1 71 170 -224 -310 1 0 0 0 1 0 0 0 1 3024.dat
1 71 170 -224 -290 1 0 0 0 1 0 0 0 1 4073.dat
1 71 170 -224 -250 1 0 0 0 1 0 0 0 1 4073.dat
1 71 170 -224 -210 1 0 0 0 1 0 0 0 1 4073.dat
1 71 170 -224 -170 1 0 0 0 1 0 0 0 1 4073.dat
1 71 170 -224 -130 1 0 0 0 1 0 0 0 1 4073.dat
1 71 160 -224 270 1 0 0 0 1 0 0 0 1 3298.dat
1 71 160 -224 90 -1 0 0 0 1 0 0 0 -1 3298.dat
1 71 140 -224 -290 1 0 0 0 1 0 0 0 1 3023.dat
1 71 130 -224 60 0 0 1 0 1 0 -1 0 0 3023.dat
1 71 140 -224 -200 0 0 1 0 1 0 -1 0 0 3034.dat
1 71 140 -224 -40 0 0 1 0 1 0 -1 0 0 3034.dat
1 71 160 -216 180 1 0 0 0 1 0 0 0 1 10185 - Ground Floor - Wall Element 8.ldr
0 STEP
1 71 60 -240 310 1 0 0 0 1 0 0 0 1 3009.dat
1 71 -60 -240 310 1 0 0 0 1 0 0 0 1 3009.dat
1 71 -70 -240 -160 0 0 1 0 1 0 -1 0 0 3009.dat
1 71 -150 -240 200 0 0 1 0 1 0 -1 0 0 3008.dat
1 71 -150 -240 40 0 0 1 0 1 0 -1 0 0 3008.dat
1 71 60 -240 -310 1 0 0 0 1 0 0 0 1 6111.dat
1 71 -110 -240 -70 1 0 0 0 1 0 0 0 1 3005.dat
1 71 -150 -240 -70 1 0 0 0 1 0 0 0 1 2357.dat
1 71 -70 -240 -70 -1 0 0 0 1 0 0 0 -1 2357.dat
1 71 -70 -240 -310 1 0 0 0 1 0 0 0 1 2357.dat
1 71 -150 -240 310 0 0 1 0 1 0 -1 0 0 2357.dat
1 71 -80 -240 240 1 0 0 0 1 0 0 0 1 3001.dat
1 71 -70 -240 -250 0 0 1 0 1 0 -1 0 0 3622.dat
0 STEP
1 71 130 -232 -40 0 0 1 0 1 0 -1 0 0 3666.dat
1 71 140 -232 -220 0 0 1 0 1 0 -1 0 0 3034.dat
1 71 130 -232 -130 1 0 0 0 1 0 0 0 1 2420.dat
1 71 130 -232 50 0 0 1 0 1 0 -1 0 0 2420.dat
1 71 130 -232 70 1 0 0 0 1 0 0 0 1 3024.dat
1 71 150 -232 180 0 0 1 0 1 0 -1 0 0 60479.dat
1 71 140 -232 310 1 0 0 0 1 0 0 0 1 3023.dat
1 71 180 -110 110 0 0 1 0 1 0 -1 0 0 10185 - Ground Floor - Lamp Front.ldr
1 71 180 -110 250 0 0 1 0 1 0 -1 0 0 10185 - Ground Floor - Lamp Front.ldr
0 STEP
1 15 190 -232 180 0 0 -1 0 1 0 1 0 0 3747b.dat
1 15 190 -232 150 0 0 -1 0 1 0 1 0 0 3665.dat
1 15 190 -232 210 0 0 -1 0 1 0 1 0 0 3665.dat
1 15 170 -232 150 1 0 0 0 1 0 0 0 1 4287.dat
1 15 170 -232 210 -1 0 0 0 1 0 0 0 -1 4287.dat
1 15 150 -240 10 0 0 -1 0 1 0 1 0 0 6005.dat
1 15 150 -240 -30 0 0 -1 0 1 0 1 0 0 6005.dat
1 15 150 -240 -70 0 0 -1 0 1 0 1 0 0 6005.dat
1 15 150 -240 -110 0 0 -1 0 1 0 1 0 0 6005.dat
1 15 150 -240 30 1 0 0 0 1 0 0 0 1 10185 - Ground Floor - Awning Element.ldr
1 15 150 -240 -10 1 0 0 0 1 0 0 0 1 10185 - Ground Floor - Awning Element.ldr
1 15 150 -240 -50 1 0 0 0 1 0 0 0 1 10185 - Ground Floor - Awning Element.ldr
1 15 150 -240 -90 1 0 0 0 1 0 0 0 1 10185 - Ground Floor - Awning Element.ldr
0 STEP
1 71 140 -240 -270 0 0 1 0 1 0 -1 0 0 3021.dat
1 71 140 -240 -160 0 0 1 0 1 0 -1 0 0 3034.dat
1 71 140 -240 0 0 0 1 0 1 0 -1 0 0 3034.dat
1 71 150 -240 100 0 0 1 0 1 0 -1 0 0 3023.dat
1 71 150 -240 280 0 0 1 0 1 0 -1 0 0 3710.dat
1 71 130 -240 310 1 0 0 0 1 0 0 0 1 3024.dat
1 15 170 -240 250 1 0 0 0 1 0 0 0 1 3024.dat
1 15 170 -240 110 1 0 0 0 1 0 0 0 1 3024.dat
1 15 230 -240 180 0 0 1 0 1 0 -1 0 0 3023.dat
1 15 180 -240 180 0 0 -1 0 1 0 1 0 0 32059.dat
1 71 170 -224 90 0 0 -1 0 1 0 1 0 0 54200.dat
1 71 170 -224 70 0 0 -1 0 1 0 1 0 0 54200.dat
1 71 170 -224 -130 0 0 -1 0 1 0 1 0 0 54200.dat
1 71 170 -224 -170 0 0 -1 0 1 0 1 0 0 54200.dat
1 71 170 -224 -210 0 0 -1 0 1 0 1 0 0 54200.dat
1 71 170 -224 -250 0 0 -1 0 1 0 1 0 0 54200.dat
1 71 170 -224 -290 0 0 -1 0 1 0 1 0 0 54200.dat
1 71 170 -224 290 0 0 -1 0 1 0 1 0 0 54200.dat
1 71 170 -224 270 0 0 -1 0 1 0 1 0 0 54200.dat
0 STEP
1 71 170 -248 50 1 0 0 0 1 0 0 0 1 3062b.dat
1 71 170 -248 310 1 0 0 0 1 0 0 0 1 3062b.dat
1 71 170 -248 -310 1 0 0 0 1 0 0 0 1 3062b.dat
