0 FILE 4484 - Main Model.ldr
0 Main model
0 Name: 4484 - Main Model.ldr
0 Author: Evert-Jan Boer
0 !LDRAW_ORG Model
0 !LICENSE Redistributable under CCAL version 2.0 : see CAreadme.txt

0 !THEME Star Wars

0 !HISTORY 2012-01-24 [Holly-Wood] Made OMR compliant

1 0 0 0 0 1 0 0 0 1 0 0 0 1 4484 - X-Wing.ldr
1 0 20 -40 210 1 0 0 0 1 0 0 0 1 4484 - TIE Advanced.ldr

0 FILE 4484 - X-Wing.ldr
0 X-Wing
0 Name: 4484 - X-Wing.ldr
0 Author: Evert-Jan Boer
0 !LDRAW_ORG Model
0 !LICENSE Redistributable under CCAL version 2.0 : see CAreadme.txt

0 !THEME Star Wars

0 !HISTORY 2012-01-24 [Holly-Wood] Made OMR compliant

1 19 0 0 50 0 0 1 0 1 0 -1 0 0 3623.dat
1 15 0 0 0 0 0 1 0 1 0 -1 0 0 3023.dat
0 STEP
1 15 0 -8 -20 0 0 1 0 1 0 -1 0 0 3023.dat
1 320 0 -8 40 0 0 1 0 1 0 -1 0 0 3710.dat
0 STEP
1 15 0 -16 20 0 0 1 0 1 0 -1 0 0 3710.dat
1 15 0 -16 80 0 0 1 0 1 0 -1 0 0 2412b.dat
0 STEP
1 320 0 -8 90 -1 0 0 0 1 0 0 0 -1 3794a.dat
1 15 0 -8 110 -1 0 0 0 1 0 0 0 -1 3023.dat
1 19 10 0 100 0 0 -1 0 1 0 1 0 0 2540.dat
1 19 -10 0 100 0 0 1 0 1 0 -1 0 0 2540.dat
0 STEP
1 7 0 -16 110 -1 0 0 0 1 0 0 0 -1 3023.dat
0 STEP
1 19 10 -24 100 0 0 -1 0 1 0 1 0 0 2540.dat
1 19 -10 -24 100 0 0 1 0 1 0 -1 0 0 2540.dat
1 47 0 -24 60 0 0 1 0 1 0 -1 0 0 3023.dat
0 STEP
1 15 0 -32 110 -1 0 0 0 1 0 0 0 -1 3794a.dat
1 15 0 -32 90 -1 0 0 0 1 0 0 0 -1 2412b.dat
0 STEP
1 15 -30 -22 130 -1 0 0 0 1 0 0 0 -1 6538b.dat
1 15 30 -22 130 -1 0 0 0 1 0 0 0 -1 6538b.dat
1 15 30 2 130 -1 0 0 0 1 0 0 0 -1 6538b.dat
1 15 -30 2 130 -1 0 0 0 1 0 0 0 -1 6538b.dat
0 STEP
1 7 0 -40 110 -1 0 0 0 1 0 0 0 -1 4073.dat
1 15 -30 -22 84 1 0 0 0 0 1 0 -1 0 3062b.dat
1 15 30 -22 84 1 0 0 0 0 1 0 -1 0 3062b.dat
1 15 30 2 84 1 0 0 0 0 1 0 -1 0 3062b.dat
1 15 -30 2 84 1 0 0 0 0 1 0 -1 0 3062b.dat
0 STEP
1 15 -47.713 -31.501 100 0 -0.382683 -0.92388 0 0.92388 -0.382683 1 0 0 6019.dat
1 15 -66.19 -39.155 100 0 -0.382683 0.92388 0 0.92388 0.382683 -1 0 0 6019.dat
1 15 -85.433 -44.961 110 0.382683 0 0.92388 -0.92388 0 0.382683 0 -1 0 30374.dat
1 15 -53.89 -42.72 100 0.92388 -0.382683 0 0.382683 0.92388 0 0 0 1 3069bps5.dat
1 15 -49.243 7.806 100 0 0.382683 -0.92388 0 0.92388 0.382683 1 0 0 6019.dat
1 15 -67.721 15.46 100 0 0.382683 0.92388 0 0.92388 -0.382683 -1 0 0 6019.dat
1 15 -85.433 24.961 110 -0.382683 0 0.92388 -0.92388 0 -0.382683 0 -1 0 30374.dat
1 15 -61.543 4.242 100 0.92388 0.382683 0 -0.382683 0.92388 0 0 0 1 3069bps5.dat
0 STEP
1 15 47.713 -31.501 100 0 0.382683 0.92388 0 0.92388 -0.382683 -1 0 0 6019.dat
1 15 66.19 -39.155 100 0 0.382683 -0.92388 0 0.92388 0.382683 1 0 0 6019.dat
1 15 85.433 -44.961 110 0.382683 0 -0.92388 0.92388 0 0.382683 0 -1 0 30374.dat
1 15 53.89 -42.72 100 0.92388 0.382683 0 -0.382683 0.92388 0 0 0 1 3069bps4.dat
1 15 49.243 7.806 100 0 -0.382683 0.92388 0 0.92388 0.382683 -1 0 0 6019.dat
1 15 67.721 15.46 100 0 -0.382683 -0.92388 0 0.92388 -0.382683 1 0 0 6019.dat
1 15 85.433 24.961 110 -0.382683 0 -0.92388 0.92388 0 -0.382683 0 -1 0 30374.dat
1 15 61.543 4.242 100 0.92388 -0.382683 0 0.382683 0.92388 0 0 0 1 3069bps4.dat
0 STEP

0 FILE 4484 - TIE Advanced.ldr
0 TIE Advanced
0 Name: 4484 - TIE Advanced.ldr
0 Author: Evert-Jan Boer
0 !LDRAW_ORG Model
0 !LICENSE Redistributable under CCAL version 2.0 : see CAreadme.txt

0 !THEME Star Wars

0 !HISTORY 2012-01-24 [Holly-Wood] Made OMR compliant

1 379 -30 0 40 1 0 0 0 0 1 0 -1 0 3710.dat
1 379 -30 0 48 1 0 0 0 0 1 0 -1 0 3710.dat
0 STEP
1 7 -30 0 72 1 0 0 0 0 1 0 -1 0 3700.dat
1 7 -60 0 56 0 0 1 -1 0 0 0 -1 0 6019.dat
1 7 0 0 56 0 0 -1 1 0 0 0 -1 0 6019.dat
0 STEP
1 379 -20 0 88 0 0 -1 1 0 0 0 -1 0 6091.dat
1 379 -40 0 88 0 0 1 -1 0 0 0 -1 0 6091.dat
0 STEP
1 33 -30 0 88 -1 0 0 0 0 -1 0 -1 0 3069b.dat
1 7 -30 -10 62 0 0 1 -1 0 0 0 -1 0 4274.dat
0 STEP
1 0 -30 -10 22 0 0 1 0 1 0 -1 0 0 4733.dat
1 379 4 0 22 0 -1 0 0 0 1 -1 0 0 4589.dat
1 379 -64 0 22 0 1 0 0 0 1 1 0 0 4589.dat
0 STEP
1 379 -30 -18 42 0 0 -1 0 1 0 1 0 0 3623.dat
0 STEP
1 47 -30 0 4 0 0 -1 -1 0 0 0 1 0 4740.dat
0 STEP
1 16 -68 -30 -40 0 -1 0 -1 0 0 0 0 -1 4484 - TIE Advanced - Wing.ldr
1 16 8 30 -40 0 1 0 1 0 0 0 0 -1 4484 - TIE Advanced - Wing.ldr

0 FILE 4484 - TIE Advanced - Wing.ldr
0 TIE Advanced - Wing
0 Name: 4484 - TIE Advanced - Wing.ldr
0 Author: Evert-Jan Boer
0 !LDRAW_ORG Model
0 !LICENSE Redistributable under CCAL version 2.0 : see CAreadme.txt

0 !THEME Star Wars

0 !HISTORY 2012-01-24 [Holly-Wood] Made OMR compliant

1 0 -30 0 -50 0 0 1 0 1 0 -1 0 0 4871.dat
1 7 -40 8 -40 0 0 1 0 1 0 -1 0 0 4073.dat
1 7 -20 8 -40 0 0 1 0 1 0 -1 0 0 4073.dat
0 STEP
1 0 -30 0 -40 1 0 0 0 1 0 0 0 1 4623.dat
0 STEP
1 0 -30 0 -110 0 0 -1 0 1 0 1 0 0 4854.dat
0 STEP
1 0 -60 -8 -90 0 0 -1 0 1 0 1 0 0 6636.dat
1 0 0 -8 -90 0 0 -1 0 1 0 1 0 0 6636.dat

