0 FILE 4485 - Main model.ldr
0 Main model
0 Name: 4485 - Main model.ldr
0 Author: Evert-Jan Boer
0 !LDRAW_ORG Model
0 !LICENSE Redistributable under CCAL version 2.0 : see CAreadme.txt

0 !THEME Star Wars

0 !HISTORY 2012-01-25 [Holly-Wood] Made OMR compliant

0 ROTATION CENTER 0 0 0 1 "Custom"
0 ROTATION CONFIG 0 0
1 0 0 0 0 1 0 0 0 1 0 0 0 1 4485 - Sebulbas Podracer.ldr
1 0 -40 0 250 1 0 0 0 1 0 0 0 1 4485 - Anakins Podracer.ldr


0 FILE 4485 - Anakins Podracer.ldr
0 Anakins Podracer
0 Name: 4485 - Anakins Podracer.ldr
0 Author: Evert-Jan Boer
0 !LDRAW_ORG Model
0 !LICENSE Redistributable under CCAL version 2.0 : see CAreadme.txt

0 !THEME Star Wars

0 !HISTORY 2012-01-25 [Holly-Wood] Made OMR compliant

0 ROTATION CENTER 0 0 0 1 "Custom"
0 ROTATION CONFIG 0 0
1 47 -30 0 80 1 0 0 0 1 0 0 0 1 30359a.dat
1 47 -30 24 90 1 0 0 0 1 0 0 0 1 4740.dat
1 47 -30 24 -50 1 0 0 0 1 0 0 0 1 4740.dat
0 STEP
1 8 -30 -24 90 1 0 0 0 1 0 0 0 1 4733.dat
1 1 -30 -14 56 -1 0 0 0 0 1 0 1 0 4070.dat
1 7 -30 -8 -50 0 0 -1 0 1 0 1 0 0 2555.dat
0 STEP
1 1 -12 -14 90 0 -1 0 1 0 0 0 0 1 4592.dat
1 0 -12 -14 90 0 0 1 1 0 0 0 1 0 4593.dat
1 1 -48 -14 90 0 1 0 -1 0 0 0 0 1 4592.dat
1 0 -48 -14 90 0 0 -1 -1 0 0 0 1 0 4593.dat
1 38 10 -14 -50 0 -1 0 -1 0 0 0 0 -1 30374.dat
0 STEP
1 38 -40 -14 -20 1 0 0 0 -1 0 0 0 -1 4485 - Anakins Podracer - Engine.ldr
1 38 -20 -14 -20 -1 0 0 0 1 0 0 0 -1 4485 - Anakins Podracer - Engine.ldr
1 7 -30 -32 90 -1 0 0 0 1 0 0 0 -1 4073.dat


0 FILE 4485 - Sebulbas Podracer.ldr
0 Sebulbas Podracer
0 Name: 4485 - Sebulbas Podracer.ldr
0 Author: Evert-Jan Boer
0 !LDRAW_ORG Model
0 !LICENSE Redistributable under CCAL version 2.0 : see CAreadme.txt

0 !THEME Star Wars

0 !HISTORY 2012-01-25 [Holly-Wood] Made OMR compliant

0 ROTATION CENTER 0 0 0 1 "Custom"
0 ROTATION CONFIG 0 0
1 47 -20 0 70 1 0 0 0 1 0 0 0 1 30359a.dat
1 47 -20 24 80 1 0 0 0 1 0 0 0 1 4740.dat
1 47 -20 24 -60 1 0 0 0 1 0 0 0 1 4740.dat
0 STEP
1 0 -20 -24 80 1 0 0 0 1 0 0 0 1 4733.dat
1 7 -20 -8 -60 0 0 1 0 1 0 -1 0 0 2555.dat
0 STEP
1 7 -20 -32 80 0 0 1 0 1 0 -1 0 0 4073.dat
1 25 10 -14 84 0 0 -1 1 0 0 0 -1 0 4599a.dat
1 25 -50 -14 84 0 0 1 -1 0 0 0 -1 0 4599a.dat
1 38 20 -14 -60 0 -1 0 -1 0 0 0 0 -1 30374.dat
0 STEP
1 0 -20 -14 46 -1 0 0 0 0 1 0 1 0 3062b.dat
1 25 -20 -14 22 -1 0 0 0 0 1 0 1 0 4589.dat
0 STEP
1 25 -5 26 -50 -1 0 0 0 0 -1 0 -1 0 4485 - Sebulbas Podracer - Engine.ldr
1 25 -95 26 -50 -1 0 0 0 0 -1 0 -1 0 4485 - Sebulbas Podracer - Engine.ldr
0 STEP
1 0 -65 -14 -74 -0.707107 0 -0.707107 0.707107 0 -0.707107 0 -1 0 4733.dat
1 7 -77.727 -1.27 -84 0.707107 0.707107 0 0.707107 -0.707107 0 0 0 -1 2555.dat
1 7 -77.73 -26.727 -84 -0.707107 0.707107 0 0.707107 0.707107 0 0 0 -1 2555.dat
1 0 25 -14 -74 0.707107 0 0.707107 -0.707107 0 0.707107 0 -1 0 4733.dat
1 7 37.729 -26.727 -84 -0.707107 -0.707107 0 -0.707107 0.707107 0 0 0 -1 2555.dat
1 7 37.727 -1.271 -84 0.707107 -0.707107 0 -0.707107 -0.707107 0 0 0 -1 2555.dat
0 STEP
1 0 -97.528 15.699 -84 0 0.707107 -0.707107 0 0.707107 0.707107 1 0 0 2540.dat
1 25 -90.456 8.628 -114 0.707107 0.707107 0 -0.707107 0.707107 0 0 0 1 3023.dat
1 25 -103.183 10.041 -114 0.707107 0.707107 0 -0.707107 0.707107 0 0 0 1 2420.dat
1 0 -103.183 10.041 -74 0.707107 0.707107 0 -0.707107 0.707107 0 0 0 1 3024.dat
1 0 -94.698 -46.527 -84 0 -0.707107 -0.707107 0 0.707107 -0.707107 1 0 0 2540.dat
1 25 -87.628 -39.456 -114 0.707107 -0.707107 0 0.707107 0.707107 0 0 0 1 3023.dat
1 25 -89.041 -52.183 -114 0.707107 -0.707107 0 0.707107 0.707107 0 0 0 1 2420.dat
1 0 -89.041 -52.183 -74 0.707107 -0.707107 0 0.707107 0.707107 0 0 0 1 3024.dat
0 STEP
1 0 57.527 15.698 -84 0 -0.707107 0.707107 0 0.707107 0.707107 -1 0 0 2540.dat
1 25 50.456 8.628 -114 0.707107 -0.707107 0 0.707107 0.707107 0 0 0 1 3023.dat
1 25 63.183 10.041 -114 0 -0.707107 -0.707107 0 0.707107 -0.707107 1 0 0 2420.dat
1 0 63.183 10.041 -74 0 -0.707107 -0.707107 0 0.707107 -0.707107 1 0 0 3024.dat
1 0 54.698 -46.527 -84 0 0.707107 0.707107 0 0.707107 -0.707107 -1 0 0 2540.dat
1 25 47.628 -39.456 -114 0.707107 0.707107 0 -0.707107 0.707107 0 0 0 1 3023.dat
1 25 49.041 -52.183 -114 0 0.707107 -0.707107 0 0.707107 0.707107 1 0 0 2420.dat
1 0 49.041 -52.183 -74 0 0.707107 -0.707107 0 0.707107 0.707107 1 0 0 3024.dat

0 FILE 4485 - Anakins Podracer - Engine.ldr
0 Anakins Podracer - Engine
0 Name: 4485 - Anakins Podracer - Engine.ldr
0 Author: Evert-Jan Boer
0 !LDRAW_ORG Model
0 !LICENSE Redistributable under CCAL version 2.0 : see CAreadme.txt

0 !THEME Star Wars

0 !HISTORY 2012-01-25 [Holly-Wood] Made OMR compliant

0 ROTATION CENTER 0 0 0 1 "Custom"
0 ROTATION CONFIG 0 0
1 8 -24 0 30 0 -1 0 1 0 0 0 0 1 4733.dat
1 14 -48 0 30 0 -1 0 1 0 0 0 0 1 4073.dat
0 STEP
1 1 -34 0 13 1 0 0 0 0 -1 0 1 0 4073.dat
1 7 -34 0 5 1 0 0 0 0 -1 0 1 0 4073.dat
0 STEP
1 8 -34 0 -18 1 0 0 0 0 -1 0 1 0 4589.dat
1 14 -34 0 68 -0.707107 0 0.707107 -0.707107 0 -0.707107 0 -1 0 2566.dat


0 FILE 4485 - Sebulbas Podracer - Engine.ldr
0 Sebulbas Podracer - Engine
0 Name: 4485 - Sebulbas Podracer - Engine.ldr
0 Author: Evert-Jan Boer
0 !LDRAW_ORG Model
0 !LICENSE Redistributable under CCAL version 2.0 : see CAreadme.txt

0 !THEME Star Wars

0 !HISTORY 2012-01-25 [Holly-Wood] Made OMR compliant

0 ROTATION CENTER 0 0 0 1 "Custom"
0 ROTATION CONFIG 0 0
1 0 -30 0 40 1 0 0 0 1 0 0 0 1 4733.dat
1 7 -30 -8 40 1 0 0 0 1 0 0 0 1 4740.dat
0 STEP
1 25 -30 -16 40 1 0 0 0 1 0 0 0 1 4740.dat
1 25 -30 -40 40 1 0 0 0 1 0 0 0 1 3626b.dat
0 STEP
1 8 -30 -64 40 1 0 0 0 1 0 0 0 1 4589.dat




