0 FILE 4488+4489+4490+4491 - Main Model.ldr
0 Main Model
0 Name: 4488+4489+4490+4491 - Main Model.ldr
0 Author: Evert-Jan Boer
0 !LDRAW_ORG Model
0 !LICENSE Redistributable under CCAL version 2.0 : see CAreadme.txt

0 !THEME Star Wars

0 !HISTORY 2012-02-02 [Holly-Wood] Made OMR compliant.
1 0 0 0 0 1 0 0 0 1 0 0 0 1 4488 - Right Wing.ldr
1 0 0 0 0 1 0 0 0 1 0 0 0 1 4489 - Cockpit.ldr
1 0 0 0 0 1 0 0 0 1 0 0 0 1 4490 - Middle Section.ldr
1 0 139 0 0 1 0 0 0 1 0 0 0 1 4491 - Left Wing.ldr
0 
0 
0 
0

0 FILE 4488 - Right Wing.ldr
0 Right Wing
0 Name: 4488 - Right Wing.ldr
0 Author: Evert-Jan Boer
0 !LDRAW_ORG Model
0 !LICENSE Redistributable under CCAL version 2.0 : see CAreadme.txt

0 !THEME Star Wars

0 !HISTORY 2012-02-02 [Holly-Wood] Made OMR compliant.
1 15 0 -182 264 0.707107 0 -0.707107 -0.707107 0 -0.707107 0 1 0 4740.dat
1 8 0 -182 240 0.707107 0 -0.707107 -0.707107 0 -0.707107 0 1 0 4733.dat
0 STEP
1 7 -12.728 -194.728 250 0.707107 0.707107 0 -0.707107 0.707107 0 0 0 1 2555.dat
1 7 -12.728 -169.272 250 -0.707107 0.707107 0 -0.707107 -0.707107 0 0 0 1 2555.dat
1 7 12.728 -169.272 250 -0.707107 -0.707107 0 0.707107 -0.707107 0 0 0 1 2555.dat
1 7 12.728 -194.728 250 0.707107 -0.707107 0 0.707107 0.707107 0 0 0 1 2555.dat
0 STEP
1 15 -16.971 -198.971 140 0.707107 0 -0.707107 0.707107 0 0.707107 0 -1 0 4095.dat
1 15 -16.971 -165.029 140 0.707107 0 -0.707107 0.707107 0 0.707107 0 -1 0 4095.dat
0 STEP
1 7 -12.728 -194.728 136 0.707107 0.707107 0 -0.707107 0.707107 0 0 0 1 2555.dat
1 7 -12.728 -169.272 136 -0.707107 0.707107 0 -0.707107 -0.707107 0 0 0 1 2555.dat
1 7 12.728 -169.272 136 -0.707107 -0.707107 0 0.707107 -0.707107 0 0 0 1 2555.dat
1 7 12.728 -194.728 136 0.707107 -0.707107 0 0.707107 0.707107 0 0 0 1 2555.dat
1 8 0 -182 126 0.707107 0 -0.707107 -0.707107 0 -0.707107 0 1 0 4733.dat
0 STEP
1 8 0 -182 150 0 0 -1 -1 0 0 0 1 0 4733.dat
1 7 0 -200 160 0 0 -1 0 1 0 1 0 0 3070b.dat
1 7 0 -164 160 0 0 1 0 -1 0 1 0 0 3070b.dat
1 7 18 -182 160 0 -1 0 1 0 0 0 0 1 3070b.dat
0 STEP
1 7 0 -182 176 0 0 -1 0 1 0 1 0 0 4274.dat
1 7 0 -182 200 0 0 -1 1 0 0 0 -1 0 4589.dat
0 STEP
1 15 16.971 -165.029 140 0.707107 0 -0.707107 0.707107 0 0.707107 0 -1 0 4095.dat
1 15 16.971 -198.971 140 0.707107 0 -0.707107 0.707107 0 0.707107 0 -1 0 4095.dat
0 STEP
1 14 0 -182 118 0.707107 0 0.707107 0.707107 0 -0.707107 0 1 0 4032a.dat
1 15 0 -182 94 0.707107 0 0.707107 0.707107 0 -0.707107 0 1 0 30367.dat
0 
0

0 FILE 4489 - Cockpit.ldr
0 Cockpit
0 Name: 4489 - Cockpit.ldr
0 Author: Evert-Jan Boer
0 Author: Evert-Jan Boer
0 !LDRAW_ORG Model
0 !LICENSE Redistributable under CCAL version 2.0 : see CAreadme.txt

0 !THEME Star Wars

0 !HISTORY 2012-02-02 [Holly-Wood] Made OMR compliant.
1 8 70 -168 50 0 0 1 0 1 0 -1 0 0 3795.dat
1 7 70 -192 100 -1 0 0 0 1 0 0 0 -1 32000.dat
0 STEP
1 8 80 -192 80 0 0 -1 0 1 0 1 0 0 4070.dat
1 8 80 -192 60 0 0 -1 0 1 0 1 0 0 4070.dat
1 8 60 -192 60 0 0 1 0 1 0 -1 0 0 4070.dat
1 8 60 -192 80 0 0 1 0 1 0 -1 0 0 4070.dat
1 7 94 -182 70 0 -1 0 0 0 1 -1 0 0 2412b.dat
1 7 46 -182 70 0 1 0 0 0 1 1 0 0 2412b.dat
0 STEP
1 15 50 -176 10 1 0 0 0 1 0 0 0 1 41769.dat
1 15 90 -176 10 1 0 0 0 1 0 0 0 1 41770.dat
0 STEP
1 14 70 -184 40 1 0 0 0 1 0 0 0 1 3023.dat
1 7 70 -200 90 1 0 0 0 1 0 0 0 1 4032a.dat
1 7 70 -200 60 1 0 0 0 1 0 0 0 1 3794a.dat
0 STEP
1 14 70 -184 10 1 0 0 0 1 0 0 0 1 4859.dat
1 15 70 -184 -20 1 0 0 0 1 0 0 0 1 3069b.dat
0 STEP
1 15 70 -192 40 1 0 0 0 1 0 0 0 1 3794a.dat
1 15 70 -192 20 1 0 0 0 1 0 0 0 1 3794a.dat
1 15 70 -208 90 1 0 0 0 1 0 0 0 1 4073.dat
0 STEP
1 47 70 -200 30 0 0 1 0 1 0 -1 0 0 3023.dat
1 0 70 -208 60 -1 0 0 0 1 0 0 0 -1 4592.dat
1 7 70 -208 60 -1 0 0 0 0.382683 0.92388 0 0.92388 -0.382683 4593.dat
0 
0

0 FILE 4490 - Middle Section.ldr
0 Middle Section
0 Name: 4490 - Middle Section.ldr
0 Author: Evert-Jan Boer
0 Author: Evert-Jan Boer
0 !LDRAW_ORG Model
0 !LICENSE Redistributable under CCAL version 2.0 : see CAreadme.txt

0 !THEME Star Wars

0 !HISTORY 2012-02-02 [Holly-Wood] Made OMR compliant.
1 8 70 -168 150 0 0 1 0 1 0 -1 0 0 3020.dat
1 7 70 -192 180 1 0 0 0 1 0 0 0 1 2877.dat
0 STEP
1 7 60 -192 150 0 0 -1 0 1 0 1 0 0 32000.dat
1 7 80 -192 150 0 0 -1 0 1 0 1 0 0 32000.dat
0 STEP
1 7 70 -192 120 1 0 0 0 1 0 0 0 1 30526.dat
0 STEP
1 8 50 -182 150 0 -1 0 0 0 -1 1 0 0 3023.dat
1 7 42 -182 160 0 -1 0 1 0 0 0 0 1 3665.dat
1 7 18 -182 160 0 -1 0 1 0 0 0 0 1 4073.dat
1 8 90 -182 150 0 1 0 0 0 1 1 0 0 3023.dat
1 7 98 -182 160 0 1 0 -1 0 0 0 0 1 3665.dat
1 7 122 -182 160 0 1 0 -1 0 0 0 0 1 4073.dat
0 STEP
1 7 60 -200 170 0 0 -1 0 1 0 1 0 0 2412b.dat
1 7 80 -200 130 0 0 -1 0 1 0 1 0 0 2412b.dat
1 7 80 -200 160 0 0 -1 0 1 0 1 0 0 4073.dat
1 7 60 -200 140 0 0 -1 0 1 0 1 0 0 4073.dat
0 
0

0 FILE 4491 - Left Wing.ldr
0 Left Wing
0 Name: 4491 - Left Wing.ldr
0 Author: Evert-Jan Boer
0 !LDRAW_ORG Model
0 !LICENSE Redistributable under CCAL version 2.0 : see CAreadme.txt

0 !THEME Star Wars

0 !HISTORY 2012-02-02 [Holly-Wood] Made OMR compliant.
1 15 0 -182 264 0.707107 0 -0.707107 -0.707107 0 -0.707107 0 1 0 4740.dat
1 8 0 -182 240 0.707107 0 -0.707107 -0.707107 0 -0.707107 0 1 0 4733.dat
0 STEP
1 7 -12.728 -194.728 250 0.707107 0.707107 0 -0.707107 0.707107 0 0 0 1 2555.dat
1 7 -12.728 -169.272 250 -0.707107 0.707107 0 -0.707107 -0.707107 0 0 0 1 2555.dat
1 7 12.728 -169.272 250 -0.707107 -0.707107 0 0.707107 -0.707107 0 0 0 1 2555.dat
1 7 12.728 -194.728 250 0.707107 -0.707107 0 0.707107 0.707107 0 0 0 1 2555.dat
0 STEP
1 15 -16.971 -198.971 140 0.707107 0 -0.707107 0.707107 0 0.707107 0 -1 0 4095.dat
1 15 -16.971 -165.029 140 0.707107 0 -0.707107 0.707107 0 0.707107 0 -1 0 4095.dat
0 STEP
1 7 -12.728 -194.728 136 0.707107 0.707107 0 -0.707107 0.707107 0 0 0 1 2555.dat
1 7 -12.728 -169.272 136 -0.707107 0.707107 0 -0.707107 -0.707107 0 0 0 1 2555.dat
1 7 12.728 -169.272 136 -0.707107 -0.707107 0 0.707107 -0.707107 0 0 0 1 2555.dat
1 7 12.728 -194.728 136 0.707107 -0.707107 0 0.707107 0.707107 0 0 0 1 2555.dat
1 8 0 -182 126 0.707107 0 -0.707107 -0.707107 0 -0.707107 0 1 0 4733.dat
0 STEP
1 8 0 -182 150 0 0 -1 -1 0 0 0 1 0 4733.dat
1 7 0 -200 160 0 0 -1 0 1 0 1 0 0 3070b.dat
1 7 0 -164 160 0 0 1 0 -1 0 1 0 0 3070b.dat
1 7 18 -182 160 0 -1 0 1 0 0 0 0 1 3070b.dat
0 STEP
1 7 0 -182 176 0 0 -1 0 1 0 1 0 0 4274.dat
1 7 0 -182 200 0 0 -1 1 0 0 0 -1 0 4589.dat
0 STEP
1 15 16.971 -165.029 140 0.707107 0 -0.707107 0.707107 0 0.707107 0 -1 0 4095.dat
1 15 16.971 -198.971 140 0.707107 0 -0.707107 0.707107 0 0.707107 0 -1 0 4095.dat
0 STEP
1 14 0 -182 118 0.707107 0 0.707107 0.707107 0 -0.707107 0 1 0 4032a.dat
1 15 0 -182 94 0.707107 0 0.707107 0.707107 0 -0.707107 0 1 0 30367.dat
0 
0
0



