0 FILE 4490 - Main model.ldr
0 Main model
0 Name: 4490 - Main model.ldr
0 Author: Author: Evert-Jan Boer
0 !LDRAW_ORG Model
0 !LICENSE Redistributable under CCAL version 2.0 : see CAreadme.txt

0 !THEME Star Wars

0 !HISTORY 2012-01-30 [Holly-Wood] Made OMR compliant

0 ROTATION CENTER 0 0 0 1 "Custom" 
0 ROTATION CONFIG 0 0
1 7 0 0 0 0 0 1 0 1 0 -1 0 0 3032.dat
1 7 0 0 80 0 0 1 0 1 0 -1 0 0 3022.dat
0 STEP
1 15 0 -24 90 -1 0 0 0 1 0 0 0 -1 3660.dat
1 15 0 -24 60 -1 0 0 0 1 0 0 0 -1 3003.dat
1 8 0 -24 10 -1 0 0 0 1 0 0 0 -1 3004.dat
0 STEP
1 7 0 0 -80 -1 0 0 0 1 0 0 0 -1 3022.dat
1 15 0 -48 90 0 0 -1 0 1 0 1 0 0 3002.dat
1 0 10 -48 10 0 0 -1 0 1 0 1 0 0 2921.dat
1 0 -10 -48 10 0 0 1 0 1 0 -1 0 0 2921.dat
0 STEP
1 15 -10 -48 -20 0 0 1 0 1 0 -1 0 0 3678a.dat
1 15 10 -48 -20 0 0 -1 0 1 0 1 0 0 3678a.dat
1 15 10 -48 -60 0 0 -1 0 1 0 1 0 0 3678a.dat
1 15 -10 -48 -60 0 0 1 0 1 0 -1 0 0 3678a.dat
0 STEP
1 27 -10 -24 -90 0 0 1 0 1 0 -1 0 0 4070.dat
1 27 10 -24 -90 0 0 -1 0 1 0 1 0 0 4070.dat
1 7 24 -14 -90 0 -1 0 1 0 0 0 0 1 4592.dat
1 0 24 -14 -90 0 0 1 1 0 0 0 1 0 4593.dat
1 7 -24 -14 -90 0 1 0 -1 0 0 0 0 1 4592.dat
1 0 -24 -14 -90 0 0 -1 -1 0 0 0 1 0 4593.dat
0 STEP
1 15 0 -56 80 0 0 -1 0 1 0 1 0 0 3832.dat
1 27 0 -48 -90 1 0 0 0 1 0 0 0 1 4216.dat
0 STEP
1 15 0 -64 100 0 0 -1 0 1 0 1 0 0 3832.dat
1 8 0 -64 -10 1 0 0 0 1 0 0 0 1 3023.dat
1 15 0 -72 -30 1 0 0 0 1 0 0 0 1 30363.dat
0 STEP
1 7 0 -72 40 0 0 -1 0 1 0 1 0 0 3795.dat
1 7 0 -72 170 0 0 -1 0 1 0 1 0 0 3021.dat
1 7 10 -72 120 0 0 -1 0 1 0 1 0 0 2436a.dat
1 7 -10 -72 120 0 0 1 0 1 0 -1 0 0 2436a.dat
0 STEP
1 4 -10 -96 170 0 0 1 0 1 0 -1 0 0 3040b.dat
1 4 10 -96 170 0 0 -1 0 1 0 1 0 0 3040b.dat
1 15 0 -96 190 1 0 0 0 1 0 0 0 1 3700.dat
1 7 0 -86 200 0 0 -1 0 1 0 1 0 0 4274.dat
1 7 0 -86 208 -1 0 0 0 0 -1 0 -1 0 4592.dat
1 0 0 -86 208 -1 0 0 0 -0.707107 -0.707107 0 -0.707107 0.707107 4593.dat
0 STEP
1 15 32 -32 120 0 -1 0 -1 0 0 0 0 -1 3934.dat
1 15 -32 -32 120 0 1 0 1 0 0 0 0 -1 3933.dat
0 STEP
1 15 0 -120 170 -1 0 0 0 1 0 0 0 -1 3039.dat
1 15 0 -96 110 0 0 1 0 1 0 -1 0 0 3002.dat
1 15 -10 -96 60 0 0 1 0 1 0 -1 0 0 2877.dat
1 15 10 -96 60 0 0 -1 0 1 0 1 0 0 2877.dat
1 15 0 -96 30 1 0 0 0 1 0 0 0 1 30363.dat
0 STEP
1 7 0 -120 120 0 0 -1 0 1 0 1 0 0 6232.dat
1 15 0 -104 30 1 0 0 0 1 0 0 0 1 2540.dat
1 7 0 -104 70 0 0 -1 0 1 0 1 0 0 3021.dat
1 8 0 -110 150 0 -0.55557 0.83147 0 -0.83147 -0.55557 1 0 0 32015.dat
1 1 -24.945 -93.332 150 0.83147 -0.55557 0 -0.55557 -0.83147 0 0 0 -1 43093.dat
1 1 24.945 -93.332 150 -0.83147 0.55557 0 -0.55557 -0.83147 0 0 0 1 43093.dat
0 STEP
1 16 30 -44 10 0 0.292372 0.956305 1 0 0 0 0.956305 -0.292372 4490 - Turret.ldr
1 16 -30 -44 10 0 -0.292372 -0.956305 -1 0 0 0 0.956305 -0.292372 4490 - Turret.ldr
1 0 40 -32 70 0 -1 0 1 0 0 0 0 1 2412b.dat
1 0 -40 -32 70 0 1 0 1 0 0 0 0 -1 2412b.dat
0 STEP
1 15 0 -128 90 1 0 0 0 1 0 0 0 1 30363.dat
1 15 10 -128 110 0 0 -1 0 1 0 1 0 0 4081b.dat
1 15 -10 -128 110 0 0 1 0 1 0 -1 0 0 4081b.dat
1 15 0 -128 150 0 0 1 0 1 0 -1 0 0 3021.dat
0 STEP
1 320 0 -79.937 -56.462 0 0 1 0.34202 0.939693 0 -0.939693 0.34202 0 3710.dat
1 7 0 -97.04 -9.478 -1 0 0 0 0.939693 0.34202 0 0.34202 -0.939693 6019.dat
1 40 0 -101.137 -21.61 0 0 -1 -0.34202 0.939693 0 0.939693 0.34202 0 3023.dat
1 40 0 -80.616 -77.992 0 0 -1 -0.34202 0.939693 0 0.939693 0.34202 0 3023.dat
1 40 0 -91.553 -71.332 0 0 -1 -0.34202 0.939693 0 0.939693 0.34202 0 3070b.dat
1 40 0 -112.074 -14.95 0 0 -1 -0.34202 0.939693 0 0.939693 0.34202 0 3070b.dat
1 15 10 -136 100 0 0 -1 0 1 0 1 0 0 3069b.dat
1 7 -10 -136 100 0 0 -1 0 1 0 1 0 0 2412b.dat
0 STEP
1 16 26 -92 130 0.838671 -0.544639 0 0.544639 0.838671 0 0 0 1 4490 - Left wing.ldr
0 STEP
1 16 -26 -92 130 0.838671 0.544639 0 -0.544639 0.838671 0 0 0 1 4490 - Right wing.ldr
0 STEP
1 7 30 -126 138 1 0 0 0 0 1 0 -1 0 3062b.dat
1 15 30 -126 162 1 0 0 0 0 1 0 -1 0 3062b.dat
1 320 30 -126 186 1 0 0 0 0 1 0 -1 0 3062b.dat
1 15 30 -126 194 1 0 0 0 0 1 0 -1 0 4073.dat
1 7 -30 -126 138 1 0 0 0 0 1 0 -1 0 3062b.dat
1 15 -30 -126 162 1 0 0 0 0 1 0 -1 0 3062b.dat
1 320 -30 -126 186 1 0 0 0 0 1 0 -1 0 3062b.dat
1 15 -30 -126 194 1 0 0 0 0 1 0 -1 0 4073.dat
0 STEP
1 15 -10 -152 150 -1 0 0 0 1 0 0 0 -1 4599.dat
1 320 -30 -126 82 -1 0 0 0 0 1 0 1 0 3062b.dat
1 320 -30 -126 58 -1 0 0 0 0 1 0 1 0 4589.dat
1 320 30 -126 82 -1 0 0 0 0 1 0 1 0 3062b.dat
1 320 30 -126 58 -1 0 0 0 0 1 0 1 0 4589.dat
0
0 FILE 4490 - Left wing.ldr
0 Left wing
0 Name: 4490 - Left wing.ldr
0 Author: Author: Evert-Jan Boer
0 !LDRAW_ORG Model
0 !LICENSE Redistributable under CCAL version 2.0 : see CAreadme.txt

0 !THEME Star Wars

0 !HISTORY 2012-01-30 [Holly-Wood] Made OMR compliant

0 ROTATION CENTER 0 0 0 1 "Custom" 
0 ROTATION CONFIG 0 0
1 4 20 -10 0 -1 0 0 0 1 0 0 0 -1 2444.dat
1 15 90 -18 0 0 0 -1 0 1 0 1 0 0 2413.dat
1 320 40 -26 -20 0 0 -1 0 1 0 1 0 0 41769.dat
1 320 170 -26 0 0 0 -1 0 1 0 1 0 0 3023.dat
1 7 140 -42 0 0 0 -1 0 1 0 1 0 0 30367.dat
0
0 FILE 4490 - Right wing.ldr
0 Right wing
0 Name: 4490 - Right wing.ldr
0 Author: Author: Evert-Jan Boer
0 !LDRAW_ORG Model
0 !LICENSE Redistributable under CCAL version 2.0 : see CAreadme.txt

0 !THEME Star Wars

0 !HISTORY 2012-01-30 [Holly-Wood] Made OMR compliant

0 ROTATION CENTER 0 0 0 1 "Custom" 
0 ROTATION CONFIG 0 0
1 4 -20 -10 0 1 0 0 0 1 0 0 0 1 2444.dat
1 15 -90 -18 0 0 0 1 0 1 0 -1 0 0 2413.dat
1 320 -40 -26 -20 0 0 1 0 1 0 -1 0 0 41770.dat
1 320 -170 -26 0 0 0 1 0 1 0 -1 0 0 3023.dat
1 7 -140 -42 0 0 0 1 0 1 0 -1 0 0 30367.dat
0 
0
0 FILE 4490 - Turret.ldr
0 Turret
0 Name: 4490 - Turret.ldr
0 Author: Author: Evert-Jan Boer
0 !LDRAW_ORG Model
0 !LICENSE Redistributable under CCAL version 2.0 : see CAreadme.txt

0 !THEME Star Wars

0 !HISTORY 2012-01-30 [Holly-Wood] Made OMR compliant

0 ROTATION CENTER 0 0 0 1 "Custom" 
0 ROTATION CONFIG 0 0
1 7 0 -2 20 1 0 0 0 1 0 0 0 1 6019.dat
1 0 0 -10 20 1 0 0 0 1 0 0 0 1 4073.dat
1 7 0 -34 20 1 0 0 0 1 0 0 0 1 30367.dat
0 
0
0
