0 Main model
0 Name: 6967 - Main model.ldr
0 Author: Evert-Jan Boer
0 !LDRAW_ORG Model
0 !LICENSE Redistributable under CCAL version 2.0 : see CAreadme.txt

0 !THEME Star Wars

0 !HISTORY 2012-01-24 [Holly-Wood] Made OMR compliant

0 ROTATION CENTER 0 0 0 1 "Custom"
0 ROTATION CONFIG 0 0
1 15 -10 0 0 1 0 0 0 1 0 0 0 1 3795.dat
1 15 -10 8 20 1 0 0 0 1 0 0 0 1 3022.dat
1 15 -10 8 -20 1 0 0 0 1 0 0 0 1 3022.dat
0 STEP
1 71 0 0 -30 0 0 -1 0 1 0 1 0 0 4081b.dat
1 71 -20 0 -30 0 0 1 0 1 0 -1 0 0 4081b.dat
1 71 -20 0 30 0 0 1 0 1 0 -1 0 0 4081b.dat
1 71 0 0 30 0 0 -1 0 1 0 1 0 0 4081b.dat
0 STEP
1 15 -10 -8 0 0 0 -1 0 1 0 1 0 0 3022.dat
1 15 -10 -8 30 1 0 0 0 1 0 0 0 1 3794a.dat
1 15 -10 -8 -30 1 0 0 0 1 0 0 0 1 3794a.dat
1 320 20 2 -58 1 0 0 0 0 -1 0 1 0 3062b.dat
1 320 -40 2 -58 1 0 0 0 0 -1 0 1 0 3062b.dat
0 STEP
1 320 -10 -16 -80 0 0 1 0 1 0 -1 0 0 3666.dat
1 71 0 -16 0 0 0 -1 0 1 0 1 0 0 2540.dat
1 71 -20 -16 0 0 0 1 0 1 0 -1 0 0 2540.dat
1 15 -10 -16 60 0 0 1 0 1 0 -1 0 0 3710.dat
0 STEP
1 15 -10 -8 50 -1 0 0 0 1 0 0 0 -1 3665.dat
1 15 -10 -8 -50 1 0 0 0 1 0 0 0 1 3665.dat
1 15 -10 -8 -130 -1 0 0 0 1 0 0 0 -1 3665.dat
0 STEP
1 15 -10 -24 -100 0 0 1 0 1 0 -1 0 0 2431.dat
1 72 -10 -24 -40 0 0 1 0 1 0 -1 0 0 3023.dat
1 72 -10 -24 40 0 0 1 0 1 0 -1 0 0 3023.dat
1 15 -10 -24 10 -1 0 0 0 1 0 0 0 -1 3794a.dat
1 15 -10 -24 -10 -1 0 0 0 1 0 0 0 -1 3794a.dat
0 STEP
1 71 0 16 0 0 0 -1 0 1 0 1 0 0 2540.dat
1 71 -20 16 0 0 0 1 0 1 0 -1 0 0 2540.dat
1 15 20 18 20 0.422618 0 0.906308 -0.906308 0 0.422618 0 -1 0 44676.dat
1 15 -40 18 20 0.422618 0 -0.906308 0.906308 0 0.422618 0 -1 0 44676.dat
0 STEP
1 15 70 -8 0 0 0 -1 0 1 0 1 0 0 41770.dat
1 15 90 0 0 0 0 -1 0 1 0 1 0 0 41770.dat
1 320 120 -8 -10 0 0 -1 0 1 0 1 0 0 4081b.dat
1 72 140 -6 -5 0 0 -1 1 0 0 0 -1 0 30374.dat
0 STEP
1 15 -90 -8 0 0 0 1 0 1 0 -1 0 0 41769.dat
1 15 -110 0 0 0 0 1 0 1 0 -1 0 0 41769.dat
1 320 -140 -8 -10 0 0 1 0 1 0 -1 0 0 4081b.dat
1 72 -160 -6 -5 0 0 1 -1 0 0 0 -1 0 30374.dat
0 STEP
1 72 -10 -32 20 0 0 1 0 1 0 -1 0 0 3023.dat
1 47 -10 -32 -20 0 0 1 0 1 0 -1 0 0 3023.dat
1 15 -10 -32 50 -1 0 0 0 1 0 0 0 -1 4592.dat
1 0 -10 -32 50 -1 0 0 0 0.707107 -0.707107 0 -0.707107 -0.707107 4593.dat
1 15 20 -14 20 -0.422618 0 0.906308 -0.906308 0 -0.422618 0 -1 0 44676.dat
1 15 -40 -14 20 -0.422618 0 -0.906308 0.906308 0 -0.422618 0 -1 0 44676.dat
0 STEP
1 47 -10 -40 0 0 0 1 0 1 0 -1 0 0 3023.dat

