0 FILE 7110 - Main Model.ldr
0 Main Model
0 Name: 7110 - Main Model.ldr
0 Author: Daniel Goerner [TK-949]
0 !LDRAW_ORG Model
0 !LICENSE Redistributable under CCAL version 2.0 : see CAreadme.txt

0 !THEME Star Wars
0 !KEYWORDS Episode IV, Obi-Wan Kenobi, Luke Skywalker
0 !HISTORY 2012-04-15 [TK-949] Creation

1 16 0 0 0 1 0 0 0 1 0 0 0 1 7110 - Speeder.ldr
1 16 30 -52 -220 0.707107 0 -0.707107 0 1 0 0.707107 0 0.707107 7110 - Minifig - Obi-Wan Kenobi.ldr
1 16 -30 -16 0 1 0 0 0 1 0 0 0 1 7110 - Minifig - Luke Skywalker.ldr

0 FILE 7110 - Speeder.ldr
0 Speeder
0 Name: 7110 - Speeder.ldr
0 Author: Daniel Goerner [TK-949]
0 !LDRAW_ORG Model
0 !LICENSE Redistributable under CCAL version 2.0 : see CAreadme.txt

1 19 0 0 0 0 0 -1 0 1 0 1 0 0 3028.dat
1 8 0 -24 110 1 0 0 0 1 0 0 0 1 3008.dat
0 STEP
1 0 -50 -24 80 0 0 -1 0 1 0 1 0 0 3700.dat
1 0 50 -24 80 0 0 -1 0 1 0 1 0 0 3700.dat
0 STEP
1 19 0 -24 50 1 0 0 0 1 0 0 0 1 3009.dat
1 4 68 -14 80 0 -1 0 1 0 0 0 0 1 2476a.dat
1 4 -68 -14 80 0 1 0 1 0 0 0 0 -1 2476a.dat
0 STEP
1 4 -50 -24 20 0 0 -1 0 1 0 1 0 0 4865a.dat
1 4 -50 -24 -20 0 0 -1 0 1 0 1 0 0 4865a.dat
1 4 50 -24 -20 0 0 1 0 1 0 -1 0 0 4865a.dat
1 4 50 -24 20 0 0 1 0 1 0 -1 0 0 4865a.dat
0 STEP
1 4 -50 -24 -50 1 0 0 0 1 0 0 0 1 3005.dat
1 4 50 -24 -50 1 0 0 0 1 0 0 0 1 3005.dat
1 19 -10 0 -130 -1 0 0 0 1 0 0 0 -1 30357.dat
1 19 10 0 -130 0 0 1 0 1 0 -1 0 0 30357.dat
0 STEP
1 7 50 -24 -120 0 0 -1 0 1 0 1 0 0 2877.dat
1 7 50 -24 -80 0 0 -1 0 1 0 1 0 0 2877.dat
1 7 -50 -24 -80 0 0 1 0 1 0 -1 0 0 2877.dat
1 7 -50 -24 -120 0 0 1 0 1 0 -1 0 0 2877.dat
0 STEP
1 7 30 -24 -150 1 0 0 0 1 0 0 0 1 3063.dat
1 7 -30 -24 -150 0 0 1 0 1 0 -1 0 0 3063.dat
0 STEP
1 8 0 -24 -100 0 0 -1 0 1 0 1 0 0 3007.dat
0 STEP
1 4 -20 -8 -10 1 0 0 0 1 0 0 0 1 3794a.dat
1 4 -20 -8 10 1 0 0 0 1 0 0 0 1 3794a.dat
1 4 20 -8 -10 1 0 0 0 1 0 0 0 1 3794a.dat
1 4 20 -8 10 1 0 0 0 1 0 0 0 1 3794a.dat
0 STEP
1 19 10 -32 -130 0 0 1 0 1 0 -1 0 0 30357.dat
1 19 -10 -32 -130 -1 0 0 0 1 0 0 0 -1 30357.dat
1 19 0 -32 80 1 0 0 0 1 0 0 0 1 3032.dat
0 STEP
1 19 0 -32 -110 1 0 0 0 1 0 0 0 1 3666.dat
1 4 0 -40 80 0 0 -1 0 1 0 1 0 0 3020.dat
0 STEP
1 0 -30 -16 0 1 0 0 0 1 0 0 0 1 4079.dat
1 0 30 -16 0 1 0 0 0 1 0 0 0 1 4079.dat
1 19 0 -48 100 1 0 0 0 1 0 0 0 1 30358.dat
1 19 76 -14 80 0 -1 0 1 0 0 0 0 1 30358.dat
1 19 -76 -14 80 0 1 0 -1 0 0 0 0 1 30358.dat
0 STEP
1 19 0 -32 -60 1 0 0 0 1 0 0 0 1 3032.dat
0 STEP
1 47 0 -56 -30 1 0 0 0 1 0 0 0 1 3939.dat
1 8 40 -40 -90 1 0 0 0 1 0 0 0 1 2412b.dat

0 FILE 7110 - Minifig - Obi-Wan Kenobi.ldr
0 Minifig - Obi-Wan Kenobi
0 Name: 7110 - Minifig - Obi-Wan Kenobi.ldr
0 Author: Daniel Goerner [TK-949]
0 !LDRAW_ORG Model
0 !LICENSE Redistributable under CCAL version 2.0 : see CAreadme.txt

1 19 0 44 0 1 0 0 0 1 0 0 0 1 3817.dat
1 19 0 44 0 1 0 0 0 1 0 0 0 1 3816.dat
1 6 0 32 0 1 0 0 0 1 0 0 0 1 3815.dat
0 STEP
1 19 0 0 0 1 0 0 0 1 0 0 0 1 973ps6.dat
1 14 -23.8634 26.5956 -10.321 0.985 -0.12019 0.12019 0.17 0.696395 -0.696395 0 0.707 0.707 3820.dat
1 19 15.552 9 0 0.985 0.17 0 -0.17 0.985 0 0 0 1 3819.dat
1 19 -15.552 9 0 0.985 -0.17 0 0.17 0.985 0 0 0 1 3818.dat
1 14 23.8634 26.5956 -10.321 0.985 0.12019 -0.12019 -0.17 0.696395 -0.696395 0 0.707 0.707 3820.dat
0 STEP
1 14 0 -24 0 1 0 0 0 1 0 0 0 1 3626bps4.dat
0 STEP
1 7 0 -24 0 1 0 0 0 1 0 0 0 1 3901.dat
0 STEP
1 383 -23.1951 22.7236 -33.8217 0.985 -0.0874983 0.14567 0.17 0.506976 -0.844031 0 0.856884 0.514696 577.dat
1 43 -23.195 22.724 -33.822 0.99736 0.0720858 -0.0087262 0.0435779 -0.498097 0.866025 0.0580816 -0.86412 -0.499924 30374.dat

0 FILE 7110 - Minifig - Luke Skywalker.ldr
0 Minifig - Luke Skywalker
0 Name: 7110 - Minifig - Luke Skywalker.ldr
0 Author: Daniel Goerner [TK-949]
0 !LDRAW_ORG Model
0 !LICENSE Redistributable under CCAL version 2.0 : see CAreadme.txt

1 15 0 -21 8 1 0 0 0 1 0 0 0 1 3815.dat
1 19 0 -9 8 1 0 0 0 0 1 0 -1 0 3816ps0.dat
1 19 0 -9 8 1 0 0 0 0 1 0 -1 0 3817ps0.dat
0 STEP
1 15 0 -53 8 1 0 0 0 1 0 0 0 1 973ps3.dat
1 15 -15.552 -44 8 0.985 -0.17 0 0.17 0.985 0 0 0 1 3818.dat
1 15 15.552 -44 8 0.985 0.17 0 -0.17 0.985 0 0 0 1 3819.dat
1 14 -23.863 -26.404 -2.321 0.985 -0.12019 0.12019 0.17 0.696395 -0.696395 0 0.707 0.707 3820.dat
1 14 23.863 -26.404 -2.321 0.985 0.12019 -0.12019 -0.17 0.696395 -0.696395 0 0.707 0.707 3820.dat
0 STEP
1 14 0 -77 8 1 0 0 0 1 0 0 0 1 3626bps3.dat
0 STEP
1 19 0 -77 8 1 0 0 0 1 0 0 0 1 3901.dat
