0 FILE 7128 - Main Model.ldr
0 Main Model
0 Name: 7128 - Main Model.ldr
0 Author: Daniel Goerner [TK-949]
0 !LDRAW_ORG Model
0 !LICENSE Redistributable under CCAL version 2.0 : see CAreadme.txt

0 !THEME Star Wars
0 !KEYWORDS Episode VI, Luke Skywalker, Scout Trooper, Endor
0 !HISTORY 2012-05-06 [TK-949] Creation

1 16 100 -64 90 0.984808 0 -0.173648 0 1 0 0.173648 0 0.984808 7128 - Minifig - Luke Skywalker.ldr
1 16 -10 -27 -280 0 0 -1 0 1 0 1 0 0 7128 - Minifig - Scout Trooper.ldr
1 16 310 -27 10 1 0 0 0 1 0 0 0 1 7128 - Minifig - Scout Trooper.ldr
1 16 0 0 0 1 0 0 0 1 0 0 0 1 7128 - Endor.ldr
1 16 -30 -27 -260 1 0 0 0 1 0 0 0 1 7128 - Speederbike.ldr
1 16 330 -27 30 0 0 1 0 1 0 -1 0 0 7128 - Speederbike.ldr

0 FILE 7128 - Minifig - Luke Skywalker.ldr
0 Minifig - Luke Skywalker
0 Name: 7128 - Minifig - Luke Skywalker.ldr
0 Author: Daniel Goerner [TK-949]
0 !LDRAW_ORG Model
0 !LICENSE Redistributable under CCAL version 2.0 : see CAreadme.txt

1 0 0 44 0 1 0 0 0 1 0 0 0 1 3817.dat
1 0 0 44 0 1 0 0 0 1 0 0 0 1 3816.dat
1 0 0 32 0 1 0 0 0 1 0 0 0 1 3815.dat
0 STEP
1 8 0 0 0 1 0 0 0 1 0 0 0 1 973psm.dat
1 0 -15.552 9 0 0.985 -0.17 0 0.17 0.985 0 0 0 1 3818.dat
1 0 15.552 9 0 0.985 0.17 0 -0.17 0.985 0 0 0 1 3819.dat
1 0 -23.8634 26.5956 -10.321 0.985 -0.12019 0.12019 0.17 0.696395 -0.696395 0 0.707 0.707 3820.dat
1 14 23.8634 26.5956 -10.321 0.985 0.12019 -0.12019 -0.17 0.696395 -0.696395 0 0.707 0.707 3820.dat
0 STEP
1 14 0 -24 0 1 0 0 0 1 0 0 0 1 3626bps3.dat
0 STEP
1 19 0 -24 0 1 0 0 0 1 0 0 0 1 3901.dat
0 STEP
1 383 -23.1951 22.7236 -33.8217 0.985 -0.0874983 0.14567 0.17 0.506976 -0.844031 0 0.856884 0.514696 577.dat
1 42 -23.195 22.724 -33.822 0.963475 0.0925699 0.249498 -0.17 -0.506976 0.844031 0.204793 -0.856351 -0.473162 30374.dat

0 FILE 7128 - Minifig - Scout Trooper.ldr
0 Minifig - Scout Trooper
0 Name: 7128 - Minifig - Scout Trooper.ldr
0 Author: Daniel Goerner [TK-949]
0 !LDRAW_ORG Model
0 !LICENSE Redistributable under CCAL version 2.0 : see CAreadme.txt

1 15 19.882 -44 30.882 1 0 0 0 1 0 0 0 1 3816.dat
1 15 19.882 -44 30.882 1 0 0 0 1 0 0 0 1 3817.dat
1 0 19.882 -54.688 25.423 1 0 0 0 0.891007 -0.45399 0 0.45399 0.891007 3815.dat
0 STEP
1 15 19.882 -83.2 10.894 1 0 0 0 0.891007 -0.45399 0 0.45399 0.891007 973pse.dat
1 15 4.33 -75.179 14.983 0.985 -0.17 0 0.132115 0.765489 0.62932 -0.106984 -0.619881 0.777146 3818.dat
1 15 35.434 -75.179 14.983 0.985 0.17 0 -0.132115 0.765489 0.62932 0.106984 -0.619881 0.777146 3819.dat
1 0 -3.981 -68 -4.113 0.291822 -0.955672 0.0275092 0.955862 0.292193 0.00949178 -0.0171142 0.0239727 0.999207 3820.dat
1 0 43.745 -68 -4.113 0.308581 0.950439 -0.0258736 -0.950589 0.308925 0.00930854 0.0168453 0.0221696 0.999252 3820.dat
0 STEP
1 14 19.882 -104.586 0 1 0 0 0 0.891007 -0.45399 0 0.45399 0.891007 3626bpse.dat
0 STEP
1 15 19.882 -104.586 0 1 0 0 0 0.891007 -0.45399 0 0.45399 0.891007 7128 - 30369.dat

0 FILE 7128 - Endor.ldr
0 Endor
0 Name: 7128 - Endor.ldr
0 Author: Daniel Goerner [TK-949]
0 !LDRAW_ORG Model
0 !LICENSE Redistributable under CCAL version 2.0 : see CAreadme.txt

1 10 0 0 0 0 0 -1 0 1 0 1 0 0 3030.dat
1 6 0 -24 -40 1 0 0 0 1 0 0 0 1 3001.dat
0 STEP
1 6 -10 -24 -70 0 0 1 0 1 0 -1 0 0 2357.dat
1 6 -10 -24 -10 1 0 0 0 1 0 0 0 1 2357.dat
0 STEP
1 6 -10 -48 -30 1 0 0 0 1 0 0 0 1 2357.dat
1 6 -10 -48 -50 0 0 1 0 1 0 -1 0 0 2357.dat
0 STEP
1 6 -10 -72 -30 0 0 1 0 1 0 -1 0 0 2357.dat
1 2 10 -72 -50 0.707107 0 0.707107 0 1 0 -0.707107 0 0.707107 30176.dat
0 STEP
1 6 -10 -96 -50 1 0 0 0 1 0 0 0 1 2357.dat
1 2 10 -96 -30 0.707107 0 -0.707107 0 1 0 0.707107 0 0.707107 30176.dat
0 STEP
1 6 10 -120 -50 0 0 -1 0 1 0 1 0 0 2357.dat
1 2 -10 -120 -30 -0.707107 0 -0.707107 0 1 0 0.707107 0 -0.707107 30176.dat
0 STEP
1 6 10 -144 -30 -1 0 0 0 1 0 0 0 -1 2357.dat
1 2 -10 -144 -50 -0.707107 0 0.707107 0 1 0 -0.707107 0 -0.707107 30176.dat
0 STEP
1 0 -10 -152 -40 0 0 -1 0 1 0 1 0 0 3794a.dat
1 0 10 -152 -40 0 0 -1 0 1 0 1 0 0 3794a.dat
0 STEP
1 2 0 -168 -40 0 0 -1 0 1 0 1 0 0 30239.dat

0 FILE 7128 - Speederbike Landing Gear.ldr
0 Speederbike Landing Gear
0 Name: 7128 - Speederbike Landing Gear.ldr
0 Author: Daniel Goerner [TK-949]
0 !LDRAW_ORG Model
0 !LICENSE Redistributable under CCAL version 2.0 : see CAreadme.txt

1 8 -2 32 30 0 0 -1 0 1 0 1 0 0 6120.dat
1 8 -2 32 -30 0 0 -1 0 1 0 1 0 0 6120.dat
0 STEP
1 0 0 24 0 0 0 -1 0 1 0 1 0 0 3710.dat
0 STEP
1 8 0 0 0 0 0 -1 0 1 0 1 0 0 3004.dat

0 FILE 7128 - Speederbike.ldr
0 Speederbike
0 Name: 7128 - Speederbike.ldr
0 Author: Daniel Goerner [TK-949]
0 !LDRAW_ORG Model
0 !LICENSE Redistributable under CCAL version 2.0 : see CAreadme.txt

1 8 -60 0 0 0 0 -1 0 1 0 1 0 0 3022.dat
1 6 80 0 0 0 0 -1 0 1 0 1 0 0 4032a.dat
0 STEP
1 0 0 -8 0 -1 0 0 0 1 0 0 0 -1 3034.dat
0 STEP
1 8 90 -8 0 0 0 -1 0 1 0 1 0 0 2540.dat
0 STEP
1 8 80 -32 -10 0 0 -1 0 1 0 1 0 0 30359a.dat
1 8 80 -32 10 0 0 -1 0 1 0 1 0 0 30359a.dat
1 8 -60 -16 0 0 0 -1 0 1 0 1 0 0 3022.dat
0 STEP
1 6 -90 -40 0 0 0 -1 0 1 0 1 0 0 2399.dat
1 0 -70 -40 0 0 0 -1 0 1 0 1 0 0 3794a.dat
0 STEP
1 6 20 -40 0 0 0 1 0 1 0 -1 0 0 4732.dat
0 STEP
1 8 30 -24 -10 1 0 0 0 1 0 0 0 1 4085b.dat
1 8 30 -24 10 -1 0 0 0 1 0 0 0 -1 4085b.dat
1 7 10 -24 0 0 0 -1 0 1 0 1 0 0 3023.dat
0 STEP
1 8 -30 -48 0 0 0 -1 0 1 0 1 0 0 2412b.dat
1 8 -70 -40 0 0 0 -1 0 1 0 1 0 0 2524.dat
1 6 30 -48 0 0 0 1 0 1 0 -1 0 0 3039.dat
0 STEP
1 0 50 -48 0 0 0 -1 0 1 0 1 0 0 3794a.dat
1 8 50 -56 0 -1 0 0 0 1 0 0 0 -1 2555.dat
0 STEP
1 6 70 -64 0 0 0 -1 0 1 0 1 0 0 3048.dat
1 0 50 -64 0 0 0.731354 -0.681998 0 0.681998 0.731354 1 0 0 30031.dat
1 0 30 -8 -30 0 0 -1 0 -1 0 -1 0 0 4349.dat
0 STEP
1 0 218 -22 -10 0 1 0 0.5 0 0.866025 0.866025 0 -0.5 2433.dat
1 0 218 -22 10 0 1 0 -0.5 0 0.866025 0.866025 0 0.5 2433.dat
1 6 238 -21.747 -9.568 0 -1 0 0.866025 0 0.5 -0.5 0 0.866025 30259.dat
1 6 238 -21.747 9.567 0 -1 0 -0.866025 0 0.5 -0.5 0 -0.866025 30259.dat
0 STEP
1 8 -30 0 0 1 0 0 0 1 0 0 0 1 7128 - Speederbike Landing Gear.ldr
0 STEP
1 0 110 0 0 1 0 0 0 1 0 0 0 1 2555.dat
1 8 110 8 0 1 0 0 0 1 0 0 0 1 3062b.dat

0 FILE 7128 - 30369.dat
0 Minifig Helmet Scout Trooper
0 Name: 7128 - 30369.dat
0 Author: Rolf Osterthun [Rolf]
0 !LDRAW_ORG Unofficial_Part
0 !LICENSE Redistributable under CCAL version 2.0 : see CAreadme.txt

0 BFC CERTIFY CCW

0 !CATEGORY Minifig Accessory

0 !HISTORY 2012-03-23 [Rolf] File preparation for LDraw Parts Tracker
0 !HISTORY 2012-03-23 {LEGO Digital Designer} Original part shape

1 16 0 0 0 1 0 0 0 1 0 0 0 1 s\30369s01.dat
1 16 0 0 0 -1 0 0 0 1 0 0 0 1 s\30369s01.dat
1 16 0 -4 0 1 0 0 0 -1 0 0 0 -1 stud16.dat
1 16 0 -4 0 0 0 8 0 -11.2 0 8 0 0 4-4disc.dat
4 16 2.184 26.28 -22.009 2.062 23.828 -21.957 -2.062 23.828 -21.957 -2.184 26.28 -22.009
4 16 2.062 23.828 -21.957 1.518 19.373 -21.862 -1.518 19.373 -21.862 -2.062 23.828 -21.957
4 16 1.518 19.373 -21.862 0.717 17.521 -21.823 -0.717 17.521 -21.823 -1.518 19.373 -21.862
3 16 0.717 17.521 -21.823 0 17.17 -21.815 -0.717 17.521 -21.823
2 24 -3.467 27.53 -23.286 3.467 27.53 -23.286
2 24 -2.184 26.28 -22.009 2.184 26.28 -22.009
2 24 2.184 26.28 -23.259 -2.184 26.28 -23.259
4 16 -2.184 26.28 -23.259 2.184 26.28 -23.259 2.184 26.28 -22.009 -2.184 26.28 -22.009
4 16 3.467 27.53 -23.286 -3.467 27.53 -23.286 -3.779 27.53 -22.036 3.779 27.53 -22.036
3 16 3.779 27.53 -22.036 -3.779 27.53 -22.036 0 27.098 -20
4 16 -3.467 27.53 -23.286 3.467 27.53 -23.286 2.184 26.28 -23.259 -2.184 26.28 -23.259
5 24 0 4.168 -15.5 0 5.009 -15.5 4.858 5.288 -14.542 -4.858 5.288 -14.542
5 24 0 20.627 -13 0 14.041 -13 4.927 20.627 -11.77 -4.927 20.627 -11.77
5 24 0 25.61 -13 0 20.627 -13 4.927 20.627 -11.77 -4.927 25.399 -11.77
5 24 0 -2.31 -15.5 0 4.168 -15.5 5.112 -1.629 -14.359 -5.112 -1.629 -14.359
5 24 0 14.041 -13 0 10.859 -13.2 2.537 12.107 -12.95 -2.537 12.107 -12.95
5 24 0 12.304 19.059 0 9.708 16.989 5.736 9.842 15.861 -6.541 12.488 17.818
5 24 0 15.711 19.464 0 12.304 19.059 6.541 12.488 17.818 -6.541 12.488 17.818
5 24 0 9.708 16.989 0 8.728 15.013 4.662 8.903 14.47 -4.662 8.903 14.47
5 24 0 5.009 -13.2 0 3 -13 4.858 5.288 -12.095 -4.858 5.288 -12.095
5 24 0 3 14.5 0 -2.012 13.836 4.59 3.245 14.062 -4.59 3.245 14.062
5 24 0 8.728 15.013 0 3 14.5 4.59 3.245 14.062 -4.59 3.245 14.062
5 24 0 18.889 17.885 0 15.711 19.464 6.744 15.878 18.244 -6.744 15.878 18.244
5 24 0 20.224 16.04 0 18.889 17.885 6.001 18.959 17.055 -6.001 18.959 17.055
5 24 0 -5.279 -25.251 0 -2.536 -25.05 4.515 -4.991 -24.935 -4.515 -4.991 -24.935
5 24 0 -5.649 -20.574 0 -5.279 -25.251 4.515 -4.991 -24.935 -4.515 -4.991 -24.935
5 24 0 -5.793 -16.646 0 -5.649 -20.574 4.532 -5.33 -20.574 -4.305 -5.511 -15.858
5 24 0 21.788 15.979 0 20.224 16.04 4.861 20.382 15.186 -4.861 20.382 15.186
5 24 0 -10.194 -5.997 0 -9.421 -11.144 3.244 -9.001 -11.144 -3.256 -9.77 -5.997
5 24 0 -9.878 -0.643 0 -10.194 -5.997 3.269 -9.449 -0.643 -3.269 -9.449 -0.643
5 24 0 -2.012 13.836 0 -2.954 13.462 4.48 -1.865 13.178 -4.48 -1.865 13.178
5 24 0 -2.954 13.462 0 -3.712 12.802 4.848 -2.725 12.676 -4.848 -2.725 12.676
5 24 0 -3.712 12.802 0 -4.382 11.163 4.74 -3.447 12.045 -4.74 -3.447 12.045
5 24 0 -9.421 -11.144 0 -7.957 -15.202 3.244 -9.001 -11.144 -3.244 -9.001 -11.144
5 24 0 -6.576 8.818 0 -8.201 5.518 3.278 -6.341 8.478 -3.278 -6.341 8.478
5 24 0 -8.201 5.518 0 -9.878 -0.643 3.269 -9.449 -0.643 -3.269 -7.772 5.518
5 24 0 -4.382 11.163 0 -5.335 10.521 4.35 -4.121 10.473 -4.35 -4.121 10.473
5 24 0 -6.1 9.585 0 -6.576 8.818 4.752 -5.638 8.891 -4.752 -5.638 8.891
5 24 0 26.035 -15 0 25.61 -13 4.927 25.399 -11.77 -4.927 25.399 -11.77
5 24 0 -5.335 10.521 0 -6.1 9.585 4.292 -4.947 9.94 -4.292 -4.947 9.94
5 24 0 -6.774 -16.305 0 -5.793 -16.646 4.243 -6.469 -15.511 -4.243 -6.469 -15.511
5 24 0 -7.957 -15.202 0 -6.774 -16.305 4.243 -6.469 -15.511 -3.917 -7.649 -14.48
5 24 0 6.668 13 0 15.03 13 3.761 15.079 12.378 -3.757 6.685 12.38
5 24 0 3 13 0 6.668 13 3.757 6.685 12.38 -3.757 6.685 12.38
5 24 0 15.03 13 0 22.154 13 3.761 15.079 12.378 -3.761 15.079 12.378
5 24 0 -2.536 -25.05 0 -2.31 -15.5 5.112 -1.629 -14.359 -5.112 -1.629 -14.359
5 24 0 10.859 -13.2 0 10.859 -17.295 1.974 11.634 -17.054 -1.974 11.634 -17.054
5 24 0 5.009 -15.5 0 5.009 -13.2 4.858 5.288 -12.095 -4.858 5.288 -14.542
5 24 0 10.859 -17.295 0 13.592 -19.824 1.974 11.634 -17.054 -1.974 11.634 -17.054
5 24 0 13.592 -19.824 0 15.921 -23.039 1.774 14.366 -19.863 -1.774 14.366 -19.863
5 24 0 27.098 -20 0 16.25 -20 1.25 27.033 -19.665 -1.25 27.033 -19.665
5 24 0 17.17 -23.065 0 17.17 -21.815 0.717 17.521 -21.823 -0.717 17.521 -21.823
5 24 0 16.25 -15 0 26.035 -15 1.25 26.099 -15.335 -1.25 16.25 -15.335
